##FastQC	0.11.5
>>Basic Statistics	pass
#Measure	Value
Filename	HG002.hs37d5.60x.1.addrg.bam
File type	Conventional base calls
Encoding	Sanger / Illumina 1.9
Total Sequences	1327219598
Sequences flagged as poor quality	0
Sequence length	148
%GC	39
>>END_MODULE
>>Per base sequence quality	pass
#Base	Mean	Median	Lower Quartile	Upper Quartile	10th Percentile	90th Percentile
1	32.15046478013203	34.0	31.0	34.0	30.0	34.0
2	32.34115010935817	34.0	31.0	34.0	30.0	34.0
3	32.38896832278391	34.0	31.0	34.0	31.0	34.0
4	35.80548900092417	37.0	35.0	37.0	35.0	37.0
5	35.747888431948844	37.0	35.0	37.0	35.0	37.0
6	35.776695160735564	37.0	36.0	37.0	35.0	37.0
7	35.77087915710539	37.0	36.0	37.0	35.0	37.0
8	35.774985596618656	37.0	36.0	37.0	35.0	37.0
9	37.49740360524724	39.0	38.0	39.0	35.0	39.0
10-14	37.78706873871825	39.4	38.2	39.4	35.2	39.4
15-19	38.93676118968822	41.0	39.0	41.0	35.2	41.0
20-24	38.94056817702295	41.0	39.0	41.0	35.0	41.0
25-29	38.82935456970249	41.0	39.0	41.0	34.8	41.0
30-34	38.69296469882296	41.0	39.0	41.0	34.0	41.0
35-39	38.537496268496184	41.0	38.0	41.0	34.0	41.0
40-44	38.38070799569372	40.2	38.0	41.0	33.6	41.0
45-49	38.16465510118243	40.0	38.0	41.0	33.0	41.0
50-54	37.95966482466001	40.0	38.0	41.0	32.8	41.0
55-59	37.71274006473796	40.0	37.2	41.0	32.0	41.0
60-64	37.37911268169806	40.0	36.4	41.0	31.2	41.0
65-69	36.87552444881845	39.0	35.4	41.0	31.0	41.0
70-74	36.241269444545985	38.0	35.0	40.4	30.0	41.0
75-79	35.48967725640832	36.6	35.0	39.2	30.0	41.0
80-84	34.66473617864706	35.6	34.0	37.6	29.0	39.4
85-89	33.935370533761514	35.0	34.0	36.4	29.0	38.2
90-94	33.422145737332606	35.0	34.0	35.8	29.0	36.8
95-99	33.12671408895214	35.0	34.0	35.0	29.0	36.0
100-104	32.35169997135621	34.6	32.8	34.8	27.2	35.4
105-109	32.87366702416641	35.0	34.0	35.0	28.6	36.0
110-114	32.90109508720501	35.0	34.0	35.0	29.0	36.0
115-119	32.8710855301882	35.0	34.0	35.0	29.0	35.6
120-124	32.807790458651745	35.0	34.0	35.0	28.2	35.0
125-129	32.7559227108399	35.0	34.0	35.0	27.0	35.0
130-134	32.68067580041868	35.0	34.0	35.0	27.0	35.0
135-139	32.61350314946148	35.0	34.0	35.0	27.0	35.0
140-144	32.5396755868278	35.0	34.0	35.0	26.4	35.0
145-148	32.18798852569385	34.75	33.25	35.0	24.5	35.0
>>END_MODULE
>>Per tile sequence quality	pass
#Tile	Base	Mean
1101	1	0.02121944301591583
1101	2	0.05531438931108568
1101	3	0.05843209047089459
1101	4	0.07473831204308823
1101	5	0.07597638496175563
1101	6	0.06245037475476778
1101	7	0.08397746576230247
1101	8	0.06648489482537911
1101	9	0.12911979703694954
1101	10-14	0.13026307170600404
1101	15-19	0.19950668447142306
1101	20-24	0.17750947003391815
1101	25-29	0.1632762418171012
1101	30-34	0.15780351808333393
1101	35-39	0.1494346906920967
1101	40-44	0.13593641091222963
1101	45-49	0.08671063040262084
1101	50-54	0.1021244686281122
1101	55-59	0.09877447325896327
1101	60-64	0.12086761137359048
1101	65-69	0.09693942040038195
1101	70-74	0.07023178659624563
1101	75-79	0.0951128229731637
1101	80-84	0.08272790313247924
1101	85-89	0.06996779369135453
1101	90-94	0.05741041407048897
1101	95-99	0.059626287450591064
1101	100-104	0.030904932616863334
1101	105-109	0.07497547156191331
1101	110-114	0.0779329736744856
1101	115-119	0.07092245378962758
1101	120-124	0.05373390575046244
1101	125-129	0.056179934289716016
1101	130-134	0.05026895880175175
1101	135-139	0.043709971070697407
1101	140-144	0.035436223861445626
1101	145-148	-0.04963229492100396
1102	1	-0.03904032846578076
1102	2	0.005110285469363873
1102	3	0.016451090978996774
1102	4	0.04273891801354068
1102	5	0.01998504269324286
1102	6	0.01353340764344324
1102	7	0.03981922301362317
1102	8	0.07087611469959398
1102	9	0.11512183396541786
1102	10-14	0.08107920992605244
1102	15-19	0.13680910232482546
1102	20-24	0.11393769444174495
1102	25-29	0.12469594738034573
1102	30-34	0.09033414525645611
1102	35-39	0.060228588932275784
1102	40-44	0.06319041192102759
1102	45-49	0.02772256196607259
1102	50-54	0.01684648227650598
1102	55-59	0.051389157643875194
1102	60-64	0.0622373245441139
1102	65-69	0.010673831845032566
1102	70-74	0.01854427700097716
1102	75-79	0.015117601056047647
1102	80-84	2.6562113136208154E-4
1102	85-89	-0.01717437576878922
1102	90-94	-0.04000826695965287
1102	95-99	-0.03338851819606958
1102	100-104	-0.03573604143694098
1102	105-109	9.96031928032437E-4
1102	110-114	-0.01660287461190535
1102	115-119	-0.01787079354828336
1102	120-124	-0.02874044972782741
1102	125-129	-0.038145728234056264
1102	130-134	-0.05782399627231882
1102	135-139	-0.07844058486440986
1102	140-144	-0.07775119763820726
1102	145-148	-0.15817240598727267
1103	1	-0.04309913410168775
1103	2	-0.009738029919269309
1103	3	-0.0018707848604648802
1103	4	0.030302296875319712
1103	5	0.06700368064434059
1103	6	0.05284175926812651
1103	7	0.05413551253515436
1103	8	0.05459544607271738
1103	9	0.10921681389743298
1103	10-14	0.10447514351437803
1103	15-19	0.13014691531793687
1103	20-24	0.11383897133971743
1103	25-29	0.12396640681263449
1103	30-34	0.11003656148258045
1103	35-39	0.08670375545916187
1103	40-44	0.07738706180910526
1103	45-49	0.041871662333235804
1103	50-54	0.042677638753950475
1103	55-59	0.045047769227373635
1103	60-64	0.06304118706336936
1103	65-69	0.06386627892158003
1103	70-74	0.047289007511615466
1103	75-79	0.06099479475575009
1103	80-84	0.05534424453521325
1103	85-89	0.05465094102471113
1103	90-94	0.05705166436263198
1103	95-99	0.053330762868640136
1103	100-104	0.04897619055080327
1103	105-109	0.06550656211577888
1103	110-114	0.06780949041448991
1103	115-119	0.06304122940638024
1103	120-124	0.07276152182462425
1103	125-129	0.0630994960206408
1103	130-134	0.07244189557478364
1103	135-139	0.05837995190064049
1103	140-144	0.05046481217625143
1103	145-148	-0.023183987840042164
1104	1	-0.03857084613934347
1104	2	-0.0012095255232509317
1104	3	-0.010382860815276729
1104	4	0.03386147829370856
1104	5	0.04666259100721959
1104	6	0.05329061080506392
1104	7	0.07544066750055833
1104	8	0.05316781583503172
1104	9	0.12237956839763342
1104	10-14	0.08511665940616808
1104	15-19	0.11484074107295328
1104	20-24	0.09404467439084385
1104	25-29	0.0977306456888769
1104	30-34	0.08612860788048948
1104	35-39	0.0828416827049594
1104	40-44	0.04888129558511167
1104	45-49	0.019094948771893883
1104	50-54	0.024181937578397594
1104	55-59	0.029315375561900225
1104	60-64	0.05056264349033057
1104	65-69	0.035945111616769054
1104	70-74	0.040676019580764944
1104	75-79	0.06503471106981351
1104	80-84	0.07394052443812882
1104	85-89	0.056751613496800246
1104	90-94	0.050117919309997205
1104	95-99	0.04544771385703683
1104	100-104	0.043481189696237266
1104	105-109	0.07699214377543484
1104	110-114	0.06011474164566977
1104	115-119	0.05448944803525535
1104	120-124	0.05327550337239728
1104	125-129	0.07283359653710164
1104	130-134	0.06099854519332837
1104	135-139	0.06163927765359034
1104	140-144	0.051724598234528685
1104	145-148	-0.012760285245938974
1105	1	-0.05563143594736886
1105	2	-0.02208640120511518
1105	3	-0.002869704148544372
1105	4	0.02768069240156734
1105	5	0.030242492803509435
1105	6	0.03668548357427426
1105	7	0.043928309407839095
1105	8	0.04142199314491535
1105	9	0.08285457099113813
1105	10-14	0.05133840304262094
1105	15-19	0.07226779719022147
1105	20-24	0.05493479636425036
1105	25-29	0.05917224652142039
1105	30-34	0.04766047266482332
1105	35-39	0.02951886343484489
1105	40-44	0.0034309098117404346
1105	45-49	-0.012634515766073662
1105	50-54	-0.005097663772431815
1105	55-59	0.007173182413964696
1105	60-64	0.017251974149516514
1105	65-69	0.0037198492486538726
1105	70-74	0.010219590649462873
1105	75-79	0.02628260782401526
1105	80-84	0.03832090364340246
1105	85-89	0.03126383547177625
1105	90-94	0.02955532682386064
1105	95-99	0.030870623929509122
1105	100-104	0.01095532513038222
1105	105-109	0.03887700120000659
1105	110-114	0.05462890913855745
1105	115-119	0.04431115829918042
1105	120-124	0.04631193120088284
1105	125-129	0.04003299051901621
1105	130-134	0.045577736281806835
1105	135-139	0.045683363106178376
1105	140-144	0.03467394207453367
1105	145-148	-0.03857932087556293
1106	1	-0.031356977552398746
1106	2	-0.010832019426537443
1106	3	-0.018755804112139174
1106	4	0.005425761282467079
1106	5	0.04987858197538486
1106	6	0.03731444644679982
1106	7	0.06364330908320426
1106	8	0.058240665981948325
1106	9	0.0812308666251127
1106	10-14	0.05810939905464352
1106	15-19	0.08214912264340057
1106	20-24	0.051563483345447025
1106	25-29	0.06922512891973298
1106	30-34	0.05013160078570422
1106	35-39	0.041823670454341766
1106	40-44	0.035673872502457016
1106	45-49	0.012431314520142678
1106	50-54	0.02471733297953449
1106	55-59	0.02063660087376462
1106	60-64	0.02664897134348365
1106	65-69	0.038374350049764416
1106	70-74	0.023167395431499926
1106	75-79	0.06209803891209731
1106	80-84	0.0575530075603794
1106	85-89	0.05726570985471113
1106	90-94	0.044888955553872734
1106	95-99	0.05679901825418199
1106	100-104	0.05842179610957743
1106	105-109	0.07158859048151811
1106	110-114	0.06946908155350684
1106	115-119	0.061361624877015686
1106	120-124	0.07544662479013908
1106	125-129	0.07247119869372654
1106	130-134	0.08455548584122141
1106	135-139	0.07452983308885308
1106	140-144	0.07818379203664705
1106	145-148	0.020371665962962027
1107	1	-0.031244857376805157
1107	2	-0.02942316055536054
1107	3	-0.02063912753699526
1107	4	-0.002732593639741765
1107	5	0.004566735631989616
1107	6	-0.003871278467769912
1107	7	0.02371578878209135
1107	8	0.02542872006928576
1107	9	0.043035164072179555
1107	10-14	0.009512204229281451
1107	15-19	0.049373036759533306
1107	20-24	0.018028833087939233
1107	25-29	0.015353451117519512
1107	30-34	0.007201994318776883
1107	35-39	-0.008771422148278418
1107	40-44	-0.007571141814423754
1107	45-49	-0.0393179879296639
1107	50-54	-0.023592579824686766
1107	55-59	-0.023123606453516743
1107	60-64	-0.0021058663984234727
1107	65-69	0.014105193371733549
1107	70-74	-0.012337113015988166
1107	75-79	0.027210543530344466
1107	80-84	0.028873318198947118
1107	85-89	0.02905536104065476
1107	90-94	0.026947450392860617
1107	95-99	0.025016228234498783
1107	100-104	0.017596148014042967
1107	105-109	0.06173860002239451
1107	110-114	0.034961123988139775
1107	115-119	0.041298815254855015
1107	120-124	0.05170549123770485
1107	125-129	0.06097964399184974
1107	130-134	0.05922023864246029
1107	135-139	0.0525259667978446
1107	140-144	0.046144476438371385
1107	145-148	-0.004233676197181069
1108	1	-0.04437415741104189
1108	2	-0.02779971796379499
1108	3	-0.004247276185097348
1108	4	0.0048335596367579114
1108	5	5.068899358491308E-4
1108	6	-0.015848156106592626
1108	7	0.020544776237358064
1108	8	0.025945379976960226
1108	9	0.05686003337388712
1108	10-14	0.00946714558967443
1108	15-19	0.0194547910956544
1108	20-24	0.015831343771814943
1108	25-29	0.01702636016745629
1108	30-34	-0.002296892720394794
1108	35-39	-0.008387292290272796
1108	40-44	0.0021299214172643133
1108	45-49	-0.02975441419172853
1108	50-54	-0.017728212668046694
1108	55-59	-0.01448435021212191
1108	60-64	-0.01824872429002511
1108	65-69	0.014971966443994233
1108	70-74	-4.927636325362528E-4
1108	75-79	0.03987533488702155
1108	80-84	0.04131017302210438
1108	85-89	0.036101233293955204
1108	90-94	0.024184531070872595
1108	95-99	0.04801691125603469
1108	100-104	0.04544662943121125
1108	105-109	0.04697389499773408
1108	110-114	0.043887477234875405
1108	115-119	0.05284236878045334
1108	120-124	0.0422618611996981
1108	125-129	0.055989204641448964
1108	130-134	0.06916573721537134
1108	135-139	0.06905570869090383
1108	140-144	0.05729569585987093
1108	145-148	0.02412367596331677
1109	1	-0.03663939203476474
1109	2	-0.04706503802399453
1109	3	-0.048208208911233896
1109	4	-0.011882712978398047
1109	5	-0.015414570505662084
1109	6	-0.02758355783460331
1109	7	-0.006886008860291781
1109	8	-0.013044587867206303
1109	9	-0.003761779465165205
1109	10-14	-0.0147421188204504
1109	15-19	0.001012557988417484
1109	20-24	0.005653283763599859
1109	25-29	-0.01831253358326279
1109	30-34	-0.010220381119104616
1109	35-39	-0.02973185060994865
1109	40-44	-0.0315725597654648
1109	45-49	-0.0243717313504348
1109	50-54	-0.034017844497441274
1109	55-59	-0.04047555579118978
1109	60-64	-0.004121795699980169
1109	65-69	-0.01004474582526882
1109	70-74	0.012549289348868342
1109	75-79	0.022259540641073272
1109	80-84	0.033607163895204906
1109	85-89	0.04838636128083351
1109	90-94	0.035940829500020754
1109	95-99	0.04238788060463605
1109	100-104	0.02806802722582802
1109	105-109	0.06284134083330883
1109	110-114	0.04982288329190965
1109	115-119	0.06787091185611871
1109	120-124	0.07761633886926944
1109	125-129	0.07949661057714508
1109	130-134	0.08694132021346235
1109	135-139	0.07710807400629704
1109	140-144	0.08270251914625248
1109	145-148	0.023313295454975957
1110	1	-0.04481296931531631
1110	2	-0.03795222466650472
1110	3	-0.03205098616263058
1110	4	-0.005362599648449873
1110	5	-0.011683976485528547
1110	6	-0.028759476478526835
1110	7	-0.013566460428961591
1110	8	-0.03188484062533803
1110	9	-0.008710506746531621
1110	10-14	-0.029708775024403167
1110	15-19	-0.009577229211089389
1110	20-24	-0.031394262948666096
1110	25-29	-0.019803989931361343
1110	30-34	-0.03874988444943028
1110	35-39	-0.033142838435651356
1110	40-44	-0.021921602237057414
1110	45-49	-0.05775132998593335
1110	50-54	-0.011306528909742042
1110	55-59	-0.02514393886588806
1110	60-64	-0.012563654935618729
1110	65-69	0.005733830145729257
1110	70-74	0.0010203745499879346
1110	75-79	0.02415497997819216
1110	80-84	0.028707087826617794
1110	85-89	0.03254726892205184
1110	90-94	0.03255567471217091
1110	95-99	0.026825131224669008
1110	100-104	0.01272720482526779
1110	105-109	0.043780394897652286
1110	110-114	0.03472026458241828
1110	115-119	0.03216579290384658
1110	120-124	0.05611546955710622
1110	125-129	0.055431520859045236
1110	130-134	0.07024308679179114
1110	135-139	0.07723161579753679
1110	140-144	0.09063279733149443
1110	145-148	0.048887815163865866
1111	1	-0.0681626210198587
1111	2	-0.057788190811507434
1111	3	-0.03520531093386836
1111	4	-0.03274157511253151
1111	5	-0.034131526831302494
1111	6	-0.039226292862643675
1111	7	-0.06655367314512972
1111	8	-0.05980030068961639
1111	9	-0.06682919132736487
1111	10-14	-0.061565761953708886
1111	15-19	-0.06901438378861968
1111	20-24	-0.0660854439967693
1111	25-29	-0.05616680981123068
1111	30-34	-0.07023005502707491
1111	35-39	-0.07203261040082509
1111	40-44	-0.0675854673456513
1111	45-49	-0.10848555057925324
1111	50-54	-0.06938450750626401
1111	55-59	-0.06677564938393488
1111	60-64	-0.03670305798191009
1111	65-69	-0.02162179884371085
1111	70-74	-0.045424004382375927
1111	75-79	-0.029252237168122974
1111	80-84	-0.019655210457848682
1111	85-89	-0.008384739165826716
1111	90-94	-0.0011136471818105065
1111	95-99	0.0022812694474225736
1111	100-104	-0.040781466632360264
1111	105-109	0.01921198371417887
1111	110-114	0.015398592786553422
1111	115-119	0.02435817400912299
1111	120-124	0.024747625316173583
1111	125-129	0.021991069606833946
1111	130-134	0.034059687763296154
1111	135-139	0.027914513459215584
1111	140-144	0.04340459978147493
1111	145-148	0.025280866515913658
1112	1	-0.018208027834162976
1112	2	-0.0391560406217053
1112	3	-0.058240840591786025
1112	4	-0.061345930012628
1112	5	-0.04158406069974774
1112	6	-0.07323536765066052
1112	7	-0.069622030387265
1112	8	-0.07923400214872345
1112	9	-0.0973090537302852
1112	10-14	-0.0679682708844851
1112	15-19	-0.053552959880867945
1112	20-24	-0.08049290915339213
1112	25-29	-0.06579922941341465
1112	30-34	-0.05911401546703843
1112	35-39	-0.05669874354266824
1112	40-44	-0.05758521703977948
1112	45-49	-0.07538339778640335
1112	50-54	-0.05774922209898392
1112	55-59	-0.05663433548054542
1112	60-64	-0.024513915942939946
1112	65-69	-0.015721166038979106
1112	70-74	-0.018471048188139605
1112	75-79	-2.8926247781413394E-4
1112	80-84	-1.2121711105095301E-4
1112	85-89	-0.011981360537951957
1112	90-94	0.001750533235714613
1112	95-99	-0.00254912399542917
1112	100-104	-0.009518442637123314
1112	105-109	0.016948240481212906
1112	110-114	0.007291502084925128
1112	115-119	0.03545918910695178
1112	120-124	0.03872838721580507
1112	125-129	0.044211416545216764
1112	130-134	0.03446127310634495
1112	135-139	0.05968380088235392
1112	140-144	0.05548382135867769
1112	145-148	0.04649101880163187
1113	1	-0.046664866067146704
1113	2	-0.0531771898939013
1113	3	-0.09007981778751173
1113	4	-0.07520291083840647
1113	5	-0.05415656778944111
1113	6	-0.07779836521100236
1113	7	-0.07943158571635678
1113	8	-0.07366663429119313
1113	9	-0.1008747120256075
1113	10-14	-0.09928983025345417
1113	15-19	-0.2776362343561871
1113	20-24	-0.13456657276321948
1113	25-29	-0.10025880864488812
1113	30-34	-0.11064803116726551
1113	35-39	-0.08789235606057844
1113	40-44	-0.1056950815251696
1113	45-49	-0.08376555754899329
1113	50-54	-0.07193719588502034
1113	55-59	-0.06871826459305197
1113	60-64	-0.0483193943047695
1113	65-69	-0.05500238619026021
1113	70-74	-0.04089516216492228
1113	75-79	-0.06044030694334168
1113	80-84	-0.041295455288981486
1113	85-89	-0.05244064904077561
1113	90-94	-0.03830764565982747
1113	95-99	-0.031480796537572076
1113	100-104	-0.07698214393131764
1113	105-109	-0.02522801589211099
1113	110-114	-0.025420892770860348
1113	115-119	-0.0339167298561307
1113	120-124	-0.026487993762529527
1113	125-129	-0.01655264446855398
1113	130-134	0.01399305894046421
1113	135-139	0.017705786945974467
1113	140-144	0.022209886677124757
1113	145-148	0.042741742901156954
1114	1	-0.040504729575950194
1114	2	-0.06118084108147315
1114	3	-0.05888616460597973
1114	4	-0.05412863546607838
1114	5	-0.06492489626710096
1114	6	-0.08142053285747153
1114	7	-0.09302041193587485
1114	8	-0.11963270013242777
1114	9	-0.10565765359899615
1114	10-14	-0.2182777526796258
1114	15-19	-0.2020395919561082
1114	20-24	-0.1437369409380267
1114	25-29	-0.16278021958742528
1114	30-34	-0.15690669916196498
1114	35-39	-0.16474444872862648
1114	40-44	-0.13622887260139294
1114	45-49	-0.12483782642044616
1114	50-54	-0.09069505386123922
1114	55-59	-0.09985507903387258
1114	60-64	-0.10138870979439218
1114	65-69	-0.0866295287869221
1114	70-74	-0.1257893956500027
1114	75-79	-0.1302775610980973
1114	80-84	-0.1566077804649666
1114	85-89	-0.15371634868186135
1114	90-94	-0.12873603857236304
1114	95-99	-0.15355724368593116
1114	100-104	-0.17225429038666817
1114	105-109	-0.1600645980678408
1114	110-114	-0.14518763198646667
1114	115-119	-0.14192771388024994
1114	120-124	-0.13557057843002696
1114	125-129	-0.15283958981803636
1114	130-134	-0.12082133806738682
1114	135-139	-0.11679358110819749
1114	140-144	-0.11622883075990842
1114	145-148	-0.06309160106439293
1115	1	-0.01751040858473374
1115	2	-0.046805192008342544
1115	3	-0.03319180221422613
1115	4	-0.03618484139693834
1115	5	-5.899280109957772E-4
1115	6	-0.033866815656260485
1115	7	-0.033219156938905314
1115	8	-0.05247162296665664
1115	9	-0.07020161659868762
1115	10-14	-0.09773296969792966
1115	15-19	-0.12063752828017016
1115	20-24	-0.12227514157393671
1115	25-29	-0.143665423250404
1115	30-34	-0.13544426102976814
1115	35-39	-0.11133027986949173
1115	40-44	-0.09369095097093805
1115	45-49	-0.09485559334881799
1115	50-54	-0.10845473491400526
1115	55-59	-0.09261492625815748
1115	60-64	-0.08423397233728736
1115	65-69	-0.12240957500534222
1115	70-74	-0.11868034613693368
1115	75-79	-0.1738873919580044
1115	80-84	-0.15303092512257876
1115	85-89	-0.17711890898449667
1115	90-94	-0.17694550777783036
1115	95-99	-0.1744289581503935
1115	100-104	-0.24378418846738725
1115	105-109	-0.17438355844687692
1115	110-114	-0.15186205579349377
1115	115-119	-0.1365068404472538
1115	120-124	-0.13438626728888892
1115	125-129	-0.12973383939460348
1115	130-134	-0.1585802918381063
1115	135-139	-0.18729200747227992
1115	140-144	-0.17431667840034493
1115	145-148	-0.10874774127188402
1116	1	0.024761632132580758
1116	2	-0.023720229318669794
1116	3	0.0014801712741245865
1116	4	-0.016584767591560023
1116	5	-0.01637976766689775
1116	6	-0.04656276199957432
1116	7	-0.08632064926673166
1116	8	-0.10488568145011357
1116	9	-0.12016956776031407
1116	10-14	-0.12866878102649792
1116	15-19	-0.167522080352569
1116	20-24	-0.17234388136240852
1116	25-29	-0.21288452386212953
1116	30-34	-0.2014239203006838
1116	35-39	-0.19934360557390818
1116	40-44	-0.20173192031532494
1116	45-49	-0.18970861361325575
1116	50-54	-0.1912888241782298
1116	55-59	-0.22395980194530551
1116	60-64	-0.2765124309258198
1116	65-69	-0.312798518631098
1116	70-74	-0.3629438701133054
1116	75-79	-0.4259138571233052
1116	80-84	-0.3940731957677599
1116	85-89	-0.4055794994649631
1116	90-94	-0.38565435122242064
1116	95-99	-0.40870541496000357
1116	100-104	-0.5050798299956369
1116	105-109	-0.43158790575903794
1116	110-114	-0.40946816777447737
1116	115-119	-0.38931681725355816
1116	120-124	-0.42538836937074365
1116	125-129	-0.46647423553928036
1116	130-134	-0.496493563910299
1116	135-139	-0.5189986042824799
1116	140-144	-0.5495754476694081
1116	145-148	-0.5131434704468809
1201	1	-0.0011518342445100416
1201	2	0.049263026026395096
1201	3	0.06557238253541442
1201	4	0.07615661777862925
1201	5	0.06511953753483368
1201	6	0.07152922398815775
1201	7	0.0683782025133084
1201	8	0.07347224460659874
1201	9	0.12295495393630063
1201	10-14	0.11056771242232344
1201	15-19	0.17540536392529305
1201	20-24	0.1578641544281183
1201	25-29	0.16116673242846247
1201	30-34	0.1653774408216151
1201	35-39	0.17887687966292987
1201	40-44	0.16317799628785679
1201	45-49	0.1204406655003396
1201	50-54	0.12025196865444343
1201	55-59	0.1274746301334062
1201	60-64	0.1324751698015021
1201	65-69	0.15713761144161253
1201	70-74	0.15328245687572206
1201	75-79	0.1300354868253919
1201	80-84	0.10955639029776876
1201	85-89	0.11015765337849359
1201	90-94	0.11354391602746716
1201	95-99	0.11728242782030662
1201	100-104	0.10879901772014478
1201	105-109	0.12966197625551956
1201	110-114	0.1285811256186591
1201	115-119	0.12497621477809417
1201	120-124	0.13285177462842768
1201	125-129	0.12681385422605018
1201	130-134	0.12660426893201304
1201	135-139	0.14207519988965345
1201	140-144	0.14599611956239755
1201	145-148	0.15744536105086127
1202	1	-0.03338576633614565
1202	2	0.014692188886137103
1202	3	0.017373018943189322
1202	4	0.0374017947725207
1202	5	0.03450313853224429
1202	6	0.04073446348099452
1202	7	0.06915523001644885
1202	8	0.0665040755190347
1202	9	0.13903054717436447
1202	10-14	0.11451373733527248
1202	15-19	0.14255565113048618
1202	20-24	0.1127985220913672
1202	25-29	0.1338731875619672
1202	30-34	0.11606371707993901
1202	35-39	0.10784212992696496
1202	40-44	0.11601845051185933
1202	45-49	0.10667519124957892
1202	50-54	0.07166620606737695
1202	55-59	0.07458154830329278
1202	60-64	0.0971574853985544
1202	65-69	0.08665834724337174
1202	70-74	0.08929267474003666
1202	75-79	0.06771821427815183
1202	80-84	0.06466747161685049
1202	85-89	0.04183839952800383
1202	90-94	0.042862799664455054
1202	95-99	0.036480356751404486
1202	100-104	0.03016957386837049
1202	105-109	0.0727440401754933
1202	110-114	0.06398959169077045
1202	115-119	0.05695203826349626
1202	120-124	0.06180789419639865
1202	125-129	0.058026475177207715
1202	130-134	0.05430837109640407
1202	135-139	0.05485315312476047
1202	140-144	0.05300570062730259
1202	145-148	0.05357179825228542
1203	1	-0.022012307456485303
1203	2	0.007753546449841053
1203	3	0.016147885943638585
1203	4	0.03155768382579538
1203	5	0.0786829790903667
1203	6	0.07119022520985396
1203	7	0.0909182101811794
1203	8	0.07926254697519397
1203	9	0.12596022973367837
1203	10-14	0.10803044747723334
1203	15-19	0.14541902403615836
1203	20-24	0.11878216074619274
1203	25-29	0.13894482070114833
1203	30-34	0.13349352907845713
1203	35-39	0.12378479502007167
1203	40-44	0.11372011023208017
1203	45-49	0.08802283901739827
1203	50-54	0.08564874403793965
1203	55-59	0.08504236639449658
1203	60-64	0.07908225939036129
1203	65-69	0.11559218883559197
1203	70-74	0.11441896840621979
1203	75-79	0.12400829394388779
1203	80-84	0.10803099337328348
1203	85-89	0.10483227749671187
1203	90-94	0.11040035523635794
1203	95-99	0.11205693793733928
1203	100-104	0.1000447611407651
1203	105-109	0.12761742132776277
1203	110-114	0.11656294973734305
1203	115-119	0.129927744584883
1203	120-124	0.12915874291540064
1203	125-129	0.12532244565830553
1203	130-134	0.15222218379002328
1203	135-139	0.14756577500201473
1203	140-144	0.13794917779657112
1203	145-148	0.16098290488596234
1204	1	-0.046991715621366836
1204	2	9.213380764379053E-4
1204	3	-0.006647616124965339
1204	4	0.025267835869136945
1204	5	0.05476400005583315
1204	6	0.05414441675043946
1204	7	0.06881305253596537
1204	8	0.05864099068676154
1204	9	0.12178635115444791
1204	10-14	0.08501686244619577
1204	15-19	0.11399102094549107
1204	20-24	0.09599278136185063
1204	25-29	0.10738244979607003
1204	30-34	0.10303604228172247
1204	35-39	0.09896348194873639
1204	40-44	0.11073571880476862
1204	45-49	0.07648283735096584
1204	50-54	0.06804169275356742
1204	55-59	0.07237989673928524
1204	60-64	0.06879098758299307
1204	65-69	0.08520298288242145
1204	70-74	0.10248563538770128
1204	75-79	0.10370247179508851
1204	80-84	0.10428372422743593
1204	85-89	0.10746494424102337
1204	90-94	0.09479201013954963
1204	95-99	0.10900111086259301
1204	100-104	0.10681406662617832
1204	105-109	0.11992996374289788
1204	110-114	0.12388584441581685
1204	115-119	0.1106381787135291
1204	120-124	0.11897676282465142
1204	125-129	0.1359750176719885
1204	130-134	0.13846909131271445
1204	135-139	0.14772568045601275
1204	140-144	0.1534934351862347
1204	145-148	0.15890738552936767
1205	1	-0.055127571595875224
1205	2	-0.018407284580895578
1205	3	-0.011366736926547105
1205	4	0.009738195994501098
1205	5	0.028739105547884947
1205	6	0.03397861708900507
1205	7	0.041925298261830335
1205	8	0.03292412074225837
1205	9	0.0820332488080453
1205	10-14	0.058132875376948334
1205	15-19	0.09392244929886573
1205	20-24	0.06538231672705308
1205	25-29	0.0807799617443834
1205	30-34	0.07894014770691626
1205	35-39	0.07953145437015507
1205	40-44	0.07077179175772841
1205	45-49	0.050112301582558416
1205	50-54	0.05222329934704106
1205	55-59	0.04892016553863243
1205	60-64	0.04569230610412944
1205	65-69	0.07531893380252086
1205	70-74	0.06807514132184878
1205	75-79	0.0877733824983764
1205	80-84	0.09676536825625703
1205	85-89	0.0677499643054702
1205	90-94	0.08966012980923921
1205	95-99	0.10368110425245902
1205	100-104	0.09529663503472108
1205	105-109	0.11888074389467818
1205	110-114	0.10284437511407418
1205	115-119	0.11314144159884165
1205	120-124	0.12474281555906686
1205	125-129	0.12788904559877778
1205	130-134	0.1404195681306959
1205	135-139	0.14182801718452964
1205	140-144	0.14322473148124004
1205	145-148	0.1547246896647394
1206	1	-0.0394661812020658
1206	2	-0.03198452913758132
1206	3	-0.04553084341872449
1206	4	-2.153104766762226E-4
1206	5	0.013725290981106752
1206	6	0.021717957087588502
1206	7	0.02498847610821997
1206	8	0.029969312449892982
1206	9	0.07468371383918537
1206	10-14	0.04992935116229802
1206	15-19	0.05807153353106287
1206	20-24	0.053172950946169806
1206	25-29	0.06692628376622167
1206	30-34	0.05383627944503644
1206	35-39	0.05888514177744497
1206	40-44	0.04374460391434809
1206	45-49	0.017404674908746642
1206	50-54	0.025260702338357532
1206	55-59	0.023184107444194524
1206	60-64	0.022838610626351397
1206	65-69	0.044631849857367456
1206	70-74	0.04759741636649295
1206	75-79	0.0597491097186591
1206	80-84	0.04880065316987725
1206	85-89	0.05895846404480665
1206	90-94	0.060016001005053
1206	95-99	0.0680264513372677
1206	100-104	0.04947126643006072
1206	105-109	0.08085916910868463
1206	110-114	0.08618172737949692
1206	115-119	0.06990417266469962
1206	120-124	0.08537732579005564
1206	125-129	0.08557943431436854
1206	130-134	0.11172286778533191
1206	135-139	0.09745110840534466
1206	140-144	0.10860732726171562
1206	145-148	0.11475675065583602
1207	1	-0.03654846156972269
1207	2	-0.017130243666734657
1207	3	-6.53814695894539E-4
1207	4	-0.0019991445620206605
1207	5	-0.00416325431710618
1207	6	0.009587380890856423
1207	7	0.01411310096531082
1207	8	0.00933022316154819
1207	9	0.045075209825448326
1207	10-14	0.014320464838689873
1207	15-19	0.024907790916088857
1207	20-24	0.026233198034603333
1207	25-29	0.038124691520977194
1207	30-34	0.025554633862149956
1207	35-39	0.017154889642235105
1207	40-44	0.03488477065585016
1207	45-49	0.015741779517242094
1207	50-54	0.02171223788347021
1207	55-59	0.0036252973169581537
1207	60-64	0.011070744514981357
1207	65-69	0.04569210647371591
1207	70-74	0.06617627453211838
1207	75-79	0.0626625549698332
1207	80-84	0.06237291103327891
1207	85-89	0.056896494591661906
1207	90-94	0.06054976282533886
1207	95-99	0.062155307655324066
1207	100-104	0.05431895967488032
1207	105-109	0.07567661937013526
1207	110-114	0.08506950553458381
1207	115-119	0.07787146564932357
1207	120-124	0.09072899830115233
1207	125-129	0.10227823890673449
1207	130-134	0.10526095437488436
1207	135-139	0.11305724964526576
1207	140-144	0.11093291563838648
1207	145-148	0.10893460493964824
1208	1	-0.04030722297300571
1208	2	-0.014394139423494323
1208	3	-0.03463017418616232
1208	4	-0.020632972511954506
1208	5	-0.003671523513531838
1208	6	0.003120686123857297
1208	7	0.00922089998918807
1208	8	0.01020127504273205
1208	9	0.04961934459297623
1208	10-14	0.025213056059286032
1208	15-19	0.02997967640438759
1208	20-24	0.007755210238862276
1208	25-29	0.02063155249487636
1208	30-34	0.014925448014317055
1208	35-39	0.022012359552071814
1208	40-44	0.005738981213610828
1208	45-49	0.0046560958465846625
1208	50-54	0.0016521685269381692
1208	55-59	-0.011621360443974993
1208	60-64	0.0036268933386907065
1208	65-69	0.05438462011941425
1208	70-74	0.03447198276151653
1208	75-79	0.04002627975913242
1208	80-84	0.05048301766322538
1208	85-89	0.04467152730371993
1208	90-94	0.04958292087371774
1208	95-99	0.04952263234183363
1208	100-104	0.031720325242204694
1208	105-109	0.06990693981803986
1208	110-114	0.06247189313982204
1208	115-119	0.07851559034968858
1208	120-124	0.08498155555459874
1208	125-129	0.08219866344635562
1208	130-134	0.09550946420925754
1208	135-139	0.10240159765982781
1208	140-144	0.11084761598047521
1208	145-148	0.11422674148107603
1209	1	-0.056674459928537146
1209	2	-0.055449195472697
1209	3	-0.04469576202158976
1209	4	-0.044992642743302724
1209	5	0.0029325874777015315
1209	6	-0.03778172321349871
1209	7	-0.011649085306942197
1209	8	-0.04520555277148475
1209	9	0.007645781781000949
1209	10-14	-0.02081939872866201
1209	15-19	-0.003217257220406111
1209	20-24	-0.006741838445279313
1209	25-29	-0.036547294705705724
1209	30-34	-0.010841867613272882
1209	35-39	-0.04322265833367567
1209	40-44	-3.273805288799281E-4
1209	45-49	-0.007994618025087163
1209	50-54	0.0098827042496481
1209	55-59	-0.037564519147515796
1209	60-64	0.0016477636439304888
1209	65-69	-0.009410962115765642
1209	70-74	-0.0061076963090869185
1209	75-79	0.011486100580810898
1209	80-84	0.031124917478273062
1209	85-89	0.03102924354583081
1209	90-94	0.03497945484484433
1209	95-99	0.05547574114368814
1209	100-104	0.04802438945028342
1209	105-109	0.07662812411146547
1209	110-114	0.05935381367798698
1209	115-119	0.061038237995262534
1209	120-124	0.06338912167328914
1209	125-129	0.06422246666495823
1209	130-134	0.1094997455378035
1209	135-139	0.10797512422623612
1209	140-144	0.11240343104424255
1209	145-148	0.113816326956794
1210	1	-0.05570284392116065
1210	2	-0.06161642174298265
1210	3	-0.04398022132117774
1210	4	-0.02815018540158576
1210	5	-0.02206474955606552
1210	6	-0.025255872337559993
1210	7	-0.022972451417530237
1210	8	-0.0058533124363719935
1210	9	0.007354022457292331
1210	10-14	-0.022886389405300633
1210	15-19	-0.017183095213042066
1210	20-24	-0.014891696285943112
1210	25-29	-0.025670451968629493
1210	30-34	-0.027638249816632765
1210	35-39	-0.026719064370091417
1210	40-44	-0.0016227047980876819
1210	45-49	-0.007621738306347936
1210	50-54	-0.02621707031713072
1210	55-59	-0.014670894689089664
1210	60-64	-0.01680429848391185
1210	65-69	0.006531522672489132
1210	70-74	0.01561814933532446
1210	75-79	0.030242274531047997
1210	80-84	0.03823584705990157
1210	85-89	0.038085970942368874
1210	90-94	0.047164796325702696
1210	95-99	0.045409175603218443
1210	100-104	0.017894965500254045
1210	105-109	0.040110830598791836
1210	110-114	0.05062433709534986
1210	115-119	0.059035395360453435
1210	120-124	0.05530291181067071
1210	125-129	0.056755503912405914
1210	130-134	0.07084232109355781
1210	135-139	0.08154673767209886
1210	140-144	0.07483666485889273
1210	145-148	0.10196064520813053
1211	1	-0.07935099885617092
1211	2	-0.063075667335454
1211	3	-0.0795883584656707
1211	4	-0.09833647368198939
1211	5	-0.04905634444766349
1211	6	-0.07748286986136321
1211	7	-0.09000889967641967
1211	8	-0.0742580991861459
1211	9	-0.060545291792223566
1211	10-14	-0.07625722721185468
1211	15-19	-0.0882364540850844
1211	20-24	-0.09943014692346708
1211	25-29	-0.09687591696744136
1211	30-34	-0.08820670195559899
1211	35-39	-0.10935361940180854
1211	40-44	-0.07826753547091414
1211	45-49	-0.08973422241639639
1211	50-54	-0.08967678807105983
1211	55-59	-0.07846536093547485
1211	60-64	-0.04557234292757073
1211	65-69	-0.06297525718733965
1211	70-74	-0.02091292471664019
1211	75-79	-0.01778171042112575
1211	80-84	-0.012405107701880524
1211	85-89	2.765548861418665E-4
1211	90-94	-0.017521355395125227
1211	95-99	-0.025306595020460065
1211	100-104	-0.0428600195480513
1211	105-109	0.013193283633619046
1211	110-114	0.016944555787368643
1211	115-119	0.01277707890805857
1211	120-124	0.026009371881720256
1211	125-129	0.0298834396583203
1211	130-134	0.04248026249251069
1211	135-139	0.04692125139715131
1211	140-144	0.04161105928282893
1211	145-148	0.05504313850713061
1212	1	-0.03487426303084362
1212	2	-0.02761330731187428
1212	3	-0.02970082497267157
1212	4	-0.0568666681923915
1212	5	-0.03189758818953692
1212	6	-0.04653403796346822
1212	7	-0.049206954492589716
1212	8	-0.05175505881871345
1212	9	-0.4755991889491611
1212	10-14	-0.1087932960516369
1212	15-19	-0.07400478172564107
1212	20-24	-0.06945624143610019
1212	25-29	-0.07494073826962477
1212	30-34	-0.06719362705467091
1212	35-39	-0.06539895563859233
1212	40-44	-0.04165061113932467
1212	45-49	-0.03352960268354366
1212	50-54	-0.0417781803205628
1212	55-59	-0.03804587344018273
1212	60-64	-0.005664784301970371
1212	65-69	0.018083816766626626
1212	70-74	0.006309294361550144
1212	75-79	0.013229955462470855
1212	80-84	0.004966923387364375
1212	85-89	0.012380488104447807
1212	90-94	0.010463217743428288
1212	95-99	0.025149369993869186
1212	100-104	0.0014822841578165935
1212	105-109	0.039793523865085945
1212	110-114	0.0405226082293737
1212	115-119	0.02205020714841055
1212	120-124	0.04942249876401661
1212	125-129	0.05247480234398694
1212	130-134	0.061797765732407584
1212	135-139	0.06894372532772053
1212	140-144	0.06597836915949529
1212	145-148	0.09877273046905088
1213	1	-0.037062428092532684
1213	2	-0.04112007042583343
1213	3	-0.0431549763149377
1213	4	-0.056511833863361005
1213	5	-0.056103062429890826
1213	6	-0.053144711475503925
1213	7	-0.06869034717470868
1213	8	-0.07438102625896903
1213	9	-0.04211415937166407
1213	10-14	-0.0886860854832463
1213	15-19	-0.08727289864845034
1213	20-24	-0.1111956249726731
1213	25-29	-0.09982044114693878
1213	30-34	-0.10451431915814169
1213	35-39	-0.09189885949148646
1213	40-44	-0.06727931410445365
1213	45-49	-0.06898339312537871
1213	50-54	-0.04086022902721709
1213	55-59	-0.04939199820732654
1213	60-64	-0.05019602747127294
1213	65-69	-0.04144660826707991
1213	70-74	-0.05780165205508325
1213	75-79	-0.04698989522066199
1213	80-84	-0.04641614479439227
1213	85-89	-0.037751983972796666
1213	90-94	-0.045879015461615325
1213	95-99	-0.03490698544040072
1213	100-104	-0.09738801526157204
1213	105-109	-0.03506037444815746
1213	110-114	-0.03712310193585466
1213	115-119	-0.035079654215749656
1213	120-124	-0.01613153827349123
1213	125-129	-0.0059777679415162766
1213	130-134	-0.0021025626034330003
1213	135-139	-4.553050392317459E-4
1213	140-144	0.010462130120004076
1213	145-148	0.04084101989965916
1214	1	-0.017209739391745416
1214	2	-0.042754567536597676
1214	3	-0.07896409506140856
1214	4	-0.0886945898545477
1214	5	-0.08317952178306598
1214	6	-0.08635250563828123
1214	7	-0.09877636234344322
1214	8	-0.09539714503495134
1214	9	-0.14369594671119756
1214	10-14	-0.10311345364405611
1214	15-19	-0.29795860766171245
1214	20-24	-0.13637130769031813
1214	25-29	-0.17008631619466286
1214	30-34	-0.12808674879497062
1214	35-39	-0.1269463876190997
1214	40-44	-0.1269191828146745
1214	45-49	-0.07861783950835388
1214	50-54	-0.0578140336054247
1214	55-59	-0.07832818496663663
1214	60-64	-0.09469668522966401
1214	65-69	-0.0824892314686636
1214	70-74	-0.10200699082583498
1214	75-79	-0.10357612228851565
1214	80-84	-0.13018226886283202
1214	85-89	-0.13113337543514803
1214	90-94	-0.10884588920801264
1214	95-99	-0.12910333119504003
1214	100-104	-0.17374690187338615
1214	105-109	-0.15758320441412366
1214	110-114	-0.14334561561462777
1214	115-119	-0.15158122736632862
1214	120-124	-0.13843402065775479
1214	125-129	-0.14184011569820143
1214	130-134	-0.11591486517325933
1214	135-139	-0.10556174225008164
1214	140-144	-0.12412315143394181
1214	145-148	-0.07447080866380418
1215	1	-0.03410390965935761
1215	2	-0.053250605221080605
1215	3	-0.04737477961782588
1215	4	-0.06284161793594478
1215	5	-0.06609383344608943
1215	6	-0.06300557060339429
1215	7	-0.07733461087465088
1215	8	-0.06319368843153228
1215	9	-0.12619398101339385
1215	10-14	-0.09172507643344119
1215	15-19	-0.2213463404165381
1215	20-24	-0.1284575062650788
1215	25-29	-0.13504827893506643
1215	30-34	-0.1232927199616185
1215	35-39	-0.10410451890668782
1215	40-44	-0.09141777643033322
1215	45-49	-0.074570599847668
1215	50-54	-0.0824854615008519
1215	55-59	-0.09958081902561133
1215	60-64	-0.1185754789873883
1215	65-69	-0.1042053728596386
1215	70-74	-0.14289778161050037
1215	75-79	-0.18574011594697026
1215	80-84	-0.1761504729395753
1215	85-89	-0.14881954956079824
1215	90-94	-0.14772748177221473
1215	95-99	-0.15241843992889414
1215	100-104	-0.23272753430919124
1215	105-109	-0.16858148302222276
1215	110-114	-0.14389492403164184
1215	115-119	-0.13395295846795818
1215	120-124	-0.13781289224817073
1215	125-129	-0.13221016786626194
1215	130-134	-0.14949531390242043
1215	135-139	-0.1539552500162813
1215	140-144	-0.16641138122326282
1215	145-148	-0.08678465803406255
1216	1	0.04788611928846365
1216	2	0.02298739928325233
1216	3	-0.010093533924219855
1216	4	-0.009141441835780029
1216	5	-0.02597055856525543
1216	6	-0.015884571224049182
1216	7	-0.022044477818944586
1216	8	-0.0035083231651213964
1216	9	-0.04552782467810346
1216	10-14	-0.061555342947727354
1216	15-19	-0.07839687637749648
1216	20-24	-0.09441068778117767
1216	25-29	-0.1134096153745503
1216	30-34	-0.13062596907123236
1216	35-39	-0.11124065265224203
1216	40-44	-0.10510418606085636
1216	45-49	-0.09851422839253132
1216	50-54	-0.11199625952401959
1216	55-59	-0.1551562077297035
1216	60-64	-0.2246289123863079
1216	65-69	-0.24938631149917967
1216	70-74	-0.2967157324873071
1216	75-79	-0.3237507286389558
1216	80-84	-0.3267030674602083
1216	85-89	-0.32161576942652204
1216	90-94	-0.33533758710528616
1216	95-99	-0.30862337734746603
1216	100-104	-0.45755423012743535
1216	105-109	-0.3625274158120888
1216	110-114	-0.3390287962601093
1216	115-119	-0.33089311895975015
1216	120-124	-0.3630640240365892
1216	125-129	-0.3815369344392465
1216	130-134	-0.38880473364573476
1216	135-139	-0.4248603218947338
1216	140-144	-0.46574348330808135
1216	145-148	-0.4331320721136649
2101	1	0.1301935128327969
2101	2	0.13030972429297805
2101	3	0.1499339889420952
2101	4	0.1256147702310031
2101	5	0.0973009482686038
2101	6	0.10005311073201995
2101	7	0.0901264704683058
2101	8	0.10002693274361008
2101	9	0.16425380514671417
2101	10-14	0.1625497090749377
2101	15-19	0.22494133634088342
2101	20-24	0.21791904567658094
2101	25-29	0.19463542823883273
2101	30-34	0.18194862134262735
2101	35-39	0.19975930120153862
2101	40-44	0.1764093163777929
2101	45-49	0.12349950438134272
2101	50-54	0.14121320585988428
2101	55-59	0.18002053051006328
2101	60-64	0.1929494556442748
2101	65-69	0.16625900173632857
2101	70-74	0.14078097463576
2101	75-79	0.1477001846431918
2101	80-84	0.12003960580454276
2101	85-89	0.11741406838040547
2101	90-94	0.10484515642014713
2101	95-99	0.12494207261595136
2101	100-104	0.15210492825357846
2101	105-109	0.12662117426297925
2101	110-114	0.11077404182470474
2101	115-119	0.06460460586281158
2101	120-124	0.10786972229503533
2101	125-129	0.08939428053766107
2101	130-134	0.11112176700468979
2101	135-139	0.09442832817614288
2101	140-144	0.08490860026067537
2101	145-148	0.013773818581690023
2102	1	0.08480974251314422
2102	2	0.10986436321053361
2102	3	0.08059269771532485
2102	4	0.07129952653784244
2102	5	0.04791144387845492
2102	6	0.06746099910928649
2102	7	0.07995263975971056
2102	8	0.08421561622683527
2102	9	0.1241430067406526
2102	10-14	0.10914168905050303
2102	15-19	0.16349783583823552
2102	20-24	0.12391261661419861
2102	25-29	0.14897744082683317
2102	30-34	0.11936552234843134
2102	35-39	0.11356596719567591
2102	40-44	0.007311429457701024
2102	45-49	0.02569231846810993
2102	50-54	0.09525524540738672
2102	55-59	0.11385754065997133
2102	60-64	0.11033727020102901
2102	65-69	0.053904439305085816
2102	70-74	0.03076501688479283
2102	75-79	0.03781540390213678
2102	80-84	0.013678900351159484
2102	85-89	0.02457722267546103
2102	90-94	0.0010042698728724986
2102	95-99	0.02490087825786702
2102	100-104	0.06186856679420316
2102	105-109	0.01885751248572376
2102	110-114	-3.934106244258828E-4
2102	115-119	-0.008074773239854949
2102	120-124	0.012987802110039581
2102	125-129	0.00549395713654377
2102	130-134	-0.17216147024812045
2102	135-139	-0.19327155091042414
2102	140-144	-0.11624279158282746
2102	145-148	-0.13744923918349627
2103	1	0.08414557629648556
2103	2	0.09149001557106828
2103	3	0.10803732917680975
2103	4	0.08889888400965873
2103	5	0.08624017242597404
2103	6	0.09136388503762305
2103	7	0.10707810593594047
2103	8	0.12052128809495599
2103	9	0.16779565880580094
2103	10-14	0.09366180839687388
2103	15-19	0.16434679185871914
2103	20-24	0.14125184637011046
2103	25-29	0.14646130451455264
2103	30-34	0.1469001666069829
2103	35-39	0.14786102561478742
2103	40-44	0.1450552291236349
2103	45-49	0.10753927898831961
2103	50-54	0.11883243772908969
2103	55-59	0.13224249750835781
2103	60-64	-0.014556762777765186
2103	65-69	0.04522422489660016
2103	70-74	0.06517818520219976
2103	75-79	0.11108122717461555
2103	80-84	0.12319923178049663
2103	85-89	0.11973736834774229
2103	90-94	0.11898538229065281
2103	95-99	0.11365906771816725
2103	100-104	0.10485735820304853
2103	105-109	-0.006588338681901007
2103	110-114	0.11301341163654399
2103	115-119	0.1039900608623654
2103	120-124	0.10406198609648243
2103	125-129	0.110767939368273
2103	130-134	0.0024672527800220223
2103	135-139	0.011367706166687697
2103	140-144	-0.14893050554097442
2103	145-148	-0.042935614451337756
2104	1	0.0696787248497941
2104	2	0.08719741312081197
2104	3	0.06813721460565603
2104	4	0.07491556026227641
2104	5	0.074586998555084
2104	6	0.07021596722816525
2104	7	0.08349788976784822
2104	8	0.07165144529404444
2104	9	0.12414022854161288
2104	10-14	0.08860895928273749
2104	15-19	0.10170327215568875
2104	20-24	0.08548754233851241
2104	25-29	0.11620030905175582
2104	30-34	0.10335989642170773
2104	35-39	0.025539343468480524
2104	40-44	0.09193407758345984
2104	45-49	0.03130028810139862
2104	50-54	0.08070735474645829
2104	55-59	0.06805825077576344
2104	60-64	0.07266766570837291
2104	65-69	-0.05265269767558323
2104	70-74	-0.006871297267821319
2104	75-79	0.0534410447885989
2104	80-84	4.479450861083478E-4
2104	85-89	-0.025472964433433276
2104	90-94	0.0285841277729304
2104	95-99	0.006246511789804288
2104	100-104	-0.05096600783466698
2104	105-109	0.01487669976600614
2104	110-114	-0.028236341013453625
2104	115-119	-0.1849086907927031
2104	120-124	-0.13144437437051693
2104	125-129	0.060887494328774494
2104	130-134	6.531465219481447E-4
2104	135-139	0.05952900965167629
2104	140-144	0.005817584502089801
2104	145-148	-0.04848413672133489
2105	1	0.011878034646713331
2105	2	0.04806146158882996
2105	3	0.02966536032790401
2105	4	-0.027849560241563154
2105	5	0.007658704372033753
2105	6	0.03441825137417709
2105	7	-0.08661572432202291
2105	8	-0.1609438426753158
2105	9	-0.18446725760498595
2105	10-14	-0.07493311255338142
2105	15-19	0.01894349965886022
2105	20-24	-0.02421733086551825
2105	25-29	0.06719399978779705
2105	30-34	-0.06006867562928875
2105	35-39	-0.0028187312296381606
2105	40-44	-0.0955869763481374
2105	45-49	0.01755348850601024
2105	50-54	-0.11358468238218222
2105	55-59	-0.10193917199998026
2105	60-64	0.03715563545792122
2105	65-69	0.07135036950764828
2105	70-74	-0.06834489181681391
2105	75-79	-0.1752712402388923
2105	80-84	0.0025841804281867553
2105	85-89	0.053466543872438876
2105	90-94	-0.03558053129372496
2105	95-99	0.06094880634366717
2105	100-104	0.10799416653519955
2105	105-109	-0.09203899085733269
2105	110-114	-0.04849038608878686
2105	115-119	0.04426001625179765
2105	120-124	0.017741276231163283
2105	125-129	-0.003825692227017896
2105	130-134	-0.009049498864598604
2105	135-139	-0.11300161186506585
2105	140-144	0.011328336085547619
2105	145-148	-0.1760700237851367
2106	1	0.03812630394691752
2106	2	0.06620972325413277
2106	3	0.08061054420171132
2106	4	-0.021982324615450466
2106	5	0.02257033840488276
2106	6	0.05093143541191836
2106	7	0.048782183922099875
2106	8	0.057068826746743184
2106	9	0.11371366909497027
2106	10-14	0.08063209917912673
2106	15-19	0.1183265996845222
2106	20-24	0.07322483293320659
2106	25-29	0.05844271245707944
2106	30-34	0.04603970877137442
2106	35-39	0.047661895169348156
2106	40-44	0.061718904802063435
2106	45-49	0.06412880372347018
2106	50-54	0.03934914057385441
2106	55-59	0.04088741963580844
2106	60-64	0.07476265439822782
2106	65-69	0.01082045702241885
2106	70-74	0.08558702669368756
2106	75-79	0.05993289670138324
2106	80-84	0.09049884426145383
2106	85-89	0.09186395807053316
2106	90-94	0.05659231531485176
2106	95-99	0.026156093076203035
2106	100-104	0.1126760146267003
2106	105-109	0.10140963931584679
2106	110-114	0.07250178288163056
2106	115-119	0.07132140139460574
2106	120-124	0.07307712955236667
2106	125-129	0.08439328691536474
2106	130-134	0.04880021322991013
2106	135-139	0.08095637992794735
2106	140-144	0.09070164733367392
2106	145-148	-0.1292389439937267
2107	1	0.05632309422263404
2107	2	0.07512341216646945
2107	3	0.06995739919698707
2107	4	0.04972268891092568
2107	5	0.051627336766514986
2107	6	0.05477783490311339
2107	7	0.05210377181891346
2107	8	0.0487771381872264
2107	9	0.0860145315020091
2107	10-14	0.06770328269071513
2107	15-19	0.007526943996282398
2107	20-24	0.047662839652687694
2107	25-29	0.0905229528364444
2107	30-34	-0.02077739841026016
2107	35-39	0.05147658593820381
2107	40-44	0.07960880093109068
2107	45-49	0.04808419819352139
2107	50-54	0.02651858048988487
2107	55-59	0.08396385749843915
2107	60-64	0.10230902616001458
2107	65-69	0.11221462352809652
2107	70-74	-0.044883048452078356
2107	75-79	0.09947932790053216
2107	80-84	0.11126685116113322
2107	85-89	0.10953003046834908
2107	90-94	0.09716918458938295
2107	95-99	0.014789141441568177
2107	100-104	0.05538571698836847
2107	105-109	0.0993081733268113
2107	110-114	0.10598760962241016
2107	115-119	-0.033772685531864965
2107	120-124	-0.06119142235688457
2107	125-129	0.03272401175764372
2107	130-134	-0.05615475269350867
2107	135-139	0.08217776424321954
2107	140-144	0.030372451515496834
2107	145-148	0.07928638357439155
2108	1	0.04132422178852124
2108	2	0.018619127615480124
2108	3	0.03884267762667548
2108	4	0.027340207970581787
2108	5	0.0241749550245558
2108	6	0.0324889597487541
2108	7	0.061337702822321205
2108	8	0.0444271270239085
2108	9	0.06279149821724417
2108	10-14	0.049337424079226366
2108	15-19	0.07307339570230909
2108	20-24	0.021362210414018534
2108	25-29	0.04770168072113279
2108	30-34	0.040747034571104734
2108	35-39	0.01400728472237489
2108	40-44	0.03193540025768016
2108	45-49	0.01709667353706834
2108	50-54	0.04250620511783154
2108	55-59	0.05551500229326223
2108	60-64	0.04526293454578223
2108	65-69	0.013668997408828432
2108	70-74	0.006189150228273377
2108	75-79	0.036966323682833035
2108	80-84	0.07120787221560931
2108	85-89	0.07522433425644692
2108	90-94	0.05432213988289192
2108	95-99	0.013926080035602695
2108	100-104	-0.01298696233384078
2108	105-109	0.010033637901806003
2108	110-114	0.03057871673460255
2108	115-119	0.08507841486431289
2108	120-124	-0.0194007464027095
2108	125-129	0.04545026785135775
2108	130-134	0.044432589378928355
2108	135-139	-0.039967249097280444
2108	140-144	-0.1999670794005155
2108	145-148	0.04919733401217741
2109	1	-0.024358485052239587
2109	2	0.0059614245812227296
2109	3	-0.0057683356507709505
2109	4	-0.06785149120460687
2109	5	-0.11500343461566587
2109	6	-0.07158689865860879
2109	7	-0.02739950734291341
2109	8	-0.018691605814233014
2109	9	0.03305661677380556
2109	10-14	0.004424388504652654
2109	15-19	-0.020734669867380262
2109	20-24	-0.025462012117486665
2109	25-29	-0.009565943328865956
2109	30-34	2.83381075810496E-4
2109	35-39	-0.014563280044505689
2109	40-44	-0.0060156318279069865
2109	45-49	-0.0014468103697922174
2109	50-54	0.0013314068043683847
2109	55-59	0.004695500764640315
2109	60-64	0.019328782847722437
2109	65-69	-0.0054436669799144966
2109	70-74	-0.032614764619530945
2109	75-79	0.05755001017759298
2109	80-84	-0.06042150523482803
2109	85-89	0.02834162350719538
2109	90-94	0.0683791951308308
2109	95-99	0.07429379402550751
2109	100-104	0.13014351172044059
2109	105-109	-0.07442181814045057
2109	110-114	-0.007195115621740911
2109	115-119	0.06379649805864318
2109	120-124	0.07194601223446995
2109	125-129	0.09620701253999897
2109	130-134	-0.11798466073810232
2109	135-139	0.04627299596286605
2109	140-144	0.11140713815620984
2109	145-148	-0.07458118225811461
2110	1	0.020900242877850417
2110	2	0.0216555621133665
2110	3	0.015522476143743802
2110	4	0.02559773352035677
2110	5	0.009327926759397087
2110	6	0.007854794454942748
2110	7	0.021998852682926895
2110	8	0.008005813278543883
2110	9	0.03889005606797724
2110	10-14	0.009628048693912206
2110	15-19	0.027993096909789017
2110	20-24	0.018371454543490984
2110	25-29	0.020677545260895158
2110	30-34	0.022313422857330067
2110	35-39	0.01505760966522729
2110	40-44	0.012179948902819149
2110	45-49	0.024747415165350617
2110	50-54	0.004891754225404554
2110	55-59	0.00947788530155691
2110	60-64	0.05427751827859595
2110	65-69	0.06575754655970911
2110	70-74	0.04795354796166151
2110	75-79	0.07700247575016306
2110	80-84	0.0428586789685923
2110	85-89	0.045124650532699206
2110	90-94	0.07670419602457912
2110	95-99	0.06575076207455055
2110	100-104	0.11248125897942884
2110	105-109	0.08254488049022513
2110	110-114	0.06299565622529713
2110	115-119	0.0737460236933174
2110	120-124	0.0750634527615972
2110	125-129	0.044406524942061765
2110	130-134	0.04203303927575064
2110	135-139	0.047355217689343476
2110	140-144	0.09556000653063279
2110	145-148	0.07708234369575706
2111	1	-0.025803035256757312
2111	2	-0.03414112141711456
2111	3	-0.007138405857809005
2111	4	-0.012934577626459998
2111	5	-0.022644257939802515
2111	6	-0.024756708652894588
2111	7	-0.027921869442110392
2111	8	-0.028736894691157033
2111	9	-0.0146904449903289
2111	10-14	-0.03541445936868115
2111	15-19	-0.16329997633064153
2111	20-24	-0.04749867619075587
2111	25-29	-0.04163580309305104
2111	30-34	-0.02927051503173317
2111	35-39	-0.10854158934414926
2111	40-44	-0.053724181841865004
2111	45-49	-0.03258709876352128
2111	50-54	-0.01936623525447345
2111	55-59	3.825116537257145E-4
2111	60-64	0.020880635617189114
2111	65-69	-0.08640428887444074
2111	70-74	-0.010481609869110287
2111	75-79	-0.002329516452334701
2111	80-84	0.024147155689128397
2111	85-89	0.013994544558265432
2111	90-94	-0.00528092434972649
2111	95-99	0.03212306885184546
2111	100-104	0.0995347023495512
2111	105-109	0.012711256538871396
2111	110-114	0.028972162240457067
2111	115-119	0.042503757913330276
2111	120-124	0.025855074609090423
2111	125-129	0.05735931102371694
2111	130-134	0.06368967735784992
2111	135-139	0.03604094663846524
2111	140-144	0.049951759210955515
2111	145-148	0.06067347952194524
2112	1	0.01736511746744185
2112	2	-0.016838323941591682
2112	3	0.0029267156823920004
2112	4	-3.935417296290211E-4
2112	5	-0.015808943771681072
2112	6	-0.04360800232994677
2112	7	-0.046870699289094375
2112	8	-0.04883384201963281
2112	9	-0.05615679031762255
2112	10-14	-0.047712149475017895
2112	15-19	-0.05885379760020726
2112	20-24	-0.06205114846697768
2112	25-29	-0.06012606794702435
2112	30-34	-0.03700308991407297
2112	35-39	-0.04202955359069449
2112	40-44	-0.022460565501489782
2112	45-49	-0.008470972494897921
2112	50-54	0.005228813946040134
2112	55-59	-0.003600354101209291
2112	60-64	0.009600881005937367
2112	65-69	0.015560435721539534
2112	70-74	0.018820982287330423
2112	75-79	0.02485913107385329
2112	80-84	0.040914345016034304
2112	85-89	0.017323243835051017
2112	90-94	0.038945170038786614
2112	95-99	0.035173748969100416
2112	100-104	0.0514988139831658
2112	105-109	0.035865787984356245
2112	110-114	0.04285131626120631
2112	115-119	0.044489369234078424
2112	120-124	0.04576944579925879
2112	125-129	0.029948051982550794
2112	130-134	0.041508367720695105
2112	135-139	0.09084109770665805
2112	140-144	0.08191792585878943
2112	145-148	0.11494988289961583
2113	1	-0.013926789681889318
2113	2	-0.023215041633257272
2113	3	-0.031996647799367395
2113	4	-0.045725654290393436
2113	5	-0.05101085588227505
2113	6	-0.05833251691115038
2113	7	-0.050399724913781085
2113	8	-0.04817473907814218
2113	9	-0.049616928925431125
2113	10-14	-0.07068742865914146
2113	15-19	-0.06132266280076948
2113	20-24	-0.1047398695571573
2113	25-29	-0.057550076770034764
2113	30-34	-0.06426346436717978
2113	35-39	-0.06976372665920394
2113	40-44	-0.07139188062291169
2113	45-49	-0.048620283768642025
2113	50-54	-0.010492809941567316
2113	55-59	-0.024387672675409533
2113	60-64	0.01892427581044842
2113	65-69	0.036032927922207136
2113	70-74	-0.008534964558556624
2113	75-79	0.004170378612059267
2113	80-84	0.0018110171339600356
2113	85-89	0.015737862302529493
2113	90-94	0.01566510154775358
2113	95-99	0.017605724945397583
2113	100-104	0.04348529794586398
2113	105-109	0.0027496946242351328
2113	110-114	0.016699412455743357
2113	115-119	5.30677623714837E-4
2113	120-124	-0.008694506442246563
2113	125-129	0.017194586214976937
2113	130-134	0.04827008890682549
2113	135-139	0.04964904029096573
2113	140-144	0.05164083886042192
2113	145-148	0.07547906165322615
2114	1	-5.160847003082836E-5
2114	2	-0.041935413512184994
2114	3	-0.03775526660059114
2114	4	-0.04186636365805185
2114	5	-0.044566335009356806
2114	6	-0.05767296590149584
2114	7	-0.08343825043011321
2114	8	-0.06716878153010697
2114	9	-0.10792477704840309
2114	10-14	-0.0904477239975705
2114	15-19	-0.11254957488333162
2114	20-24	-0.12641365162257046
2114	25-29	-0.1626247540603245
2114	30-34	-0.12827009767875808
2114	35-39	-0.12679478773668507
2114	40-44	-0.10665613514019157
2114	45-49	-0.08222529931826728
2114	50-54	-0.06646863049923013
2114	55-59	-0.03991100852652352
2114	60-64	-0.027620409989353334
2114	65-69	-0.045130791659531155
2114	70-74	-0.06583862673667795
2114	75-79	-0.08587413966034774
2114	80-84	-0.10986309992694032
2114	85-89	-0.12149041507131386
2114	90-94	-0.10464929165677006
2114	95-99	-0.09758881177641854
2114	100-104	-0.10460790677750254
2114	105-109	-0.12451269206005122
2114	110-114	-0.11809070334661698
2114	115-119	-0.17016985852048094
2114	120-124	-0.13869950095939743
2114	125-129	-0.12369731989899435
2114	130-134	-0.10349741939376145
2114	135-139	-0.10154699672225576
2114	140-144	-0.07545769274457825
2114	145-148	-0.0360137288977711
2115	1	-3.86764064707279E-4
2115	2	-0.056377766446736644
2115	3	-0.07051811024431487
2115	4	-0.0619959196158959
2115	5	-0.059924877046881875
2115	6	-0.07272824818673485
2115	7	-0.09781679160106194
2115	8	-0.09163284327397747
2115	9	-0.479821133041618
2115	10-14	-0.16094314178186409
2115	15-19	-0.14090490140427647
2115	20-24	-0.17673607337005137
2115	25-29	-0.3234463229538136
2115	30-34	-0.18653036903742048
2115	35-39	-0.13522589753775094
2115	40-44	-0.11485988177645368
2115	45-49	-0.08226834764514024
2115	50-54	-0.09369742679950122
2115	55-59	-0.09925162517621544
2115	60-64	-0.09687479537053889
2115	65-69	-0.10610005294925173
2115	70-74	-0.12058278746604145
2115	75-79	-0.15952583654879504
2115	80-84	-0.15432508361429598
2115	85-89	-0.14688765170768647
2115	90-94	-0.13410525803557505
2115	95-99	-0.1407611448964161
2115	100-104	-0.13553505581776903
2115	105-109	-0.15969180700435004
2115	110-114	-0.14369137527256726
2115	115-119	-0.1344725369533606
2115	120-124	-0.1157505111780921
2115	125-129	-0.14274650274983713
2115	130-134	-0.13398698579153745
2115	135-139	-0.14673762215495856
2115	140-144	-0.13878672366350742
2115	145-148	-0.06533711808411624
2116	1	0.025129967202204284
2116	2	-0.019040800867578866
2116	3	-0.02565989745548336
2116	4	-0.017572308447775242
2116	5	-0.04028562639715716
2116	6	-0.05199313718122056
2116	7	-0.047202127631514657
2116	8	-0.04466019788137032
2116	9	-0.06130681710992292
2116	10-14	-0.10941612945765655
2116	15-19	-0.154045751343304
2116	20-24	-0.17007950132898486
2116	25-29	-0.19595323188025304
2116	30-34	-0.17398738421057658
2116	35-39	-0.16115562334220357
2116	40-44	-0.16666407372754577
2116	45-49	-0.14790419871013682
2116	50-54	-0.18483326150229828
2116	55-59	-0.1976906555899589
2116	60-64	-0.21856662626040446
2116	65-69	-0.24768893745896747
2116	70-74	-0.33665189418768904
2116	75-79	-0.33587221325195316
2116	80-84	-0.33833895171577666
2116	85-89	-0.34492310606818677
2116	90-94	-0.3517243598097366
2116	95-99	-0.30849065612235194
2116	100-104	-0.3643994323440367
2116	105-109	-0.36352235314231507
2116	110-114	-0.3454899457357641
2116	115-119	-0.3243354034379564
2116	120-124	-0.3781890342346017
2116	125-129	-0.391073484519751
2116	130-134	-0.48980351729674965
2116	135-139	-0.456830611056148
2116	140-144	-0.4408135729845881
2116	145-148	-0.4258562347856909
2201	1	0.0803601500421891
2201	2	0.024135696697825892
2201	3	0.08755226596763066
2201	4	0.08754252831020892
2201	5	0.07325024780823242
2201	6	0.0748757917545646
2201	7	0.09364266736167792
2201	8	0.09897675281258955
2201	9	0.1466372046460549
2201	10-14	0.1532683006768707
2201	15-19	0.22287970993446748
2201	20-24	0.20039931014939327
2201	25-29	0.19713635434219867
2201	30-34	0.20758970262897236
2201	35-39	0.22304193910638048
2201	40-44	0.04247398706838368
2201	45-49	0.16849881548479573
2201	50-54	0.2087433166197883
2201	55-59	0.20062449653286052
2201	60-64	0.2003619747700114
2201	65-69	0.2143560962325921
2201	70-74	0.1842414969843773
2201	75-79	0.17756564181390644
2201	80-84	0.15210945583243785
2201	85-89	0.15115586895484512
2201	90-94	0.1460317441576322
2201	95-99	0.16106255345042797
2201	100-104	0.21040725056677445
2201	105-109	0.1651535282541161
2201	110-114	0.1628051601576601
2201	115-119	0.15477370414485137
2201	120-124	0.15595524001032146
2201	125-129	0.11149819017021656
2201	130-134	0.1610679759921254
2201	135-139	0.17254240358807493
2201	140-144	0.1662255053024282
2201	145-148	0.19262355601376413
2202	1	0.08248351533767107
2202	2	0.08465888832112256
2202	3	0.08708940938641518
2202	4	0.06930710469485746
2202	5	0.05171814299966826
2202	6	0.0577778634795294
2202	7	0.08430151878287262
2202	8	0.0785084699430385
2202	9	-2.3546423999931676E-4
2202	10-14	0.042699313319616294
2202	15-19	0.1349284971775475
2202	20-24	0.13277269060976948
2202	25-29	0.14103930220949934
2202	30-34	0.07796153707374032
2202	35-39	0.1311466478659966
2202	40-44	0.13604984481612092
2202	45-49	0.16409917017006848
2202	50-54	0.15199335719508866
2202	55-59	0.14082084147560892
2202	60-64	0.1427810820892148
2202	65-69	0.05574004853158954
2202	70-74	0.11458694705954997
2202	75-79	0.07236578122439852
2202	80-84	0.04607981262994798
2202	85-89	0.06394960455625665
2202	90-94	0.0474798322806933
2202	95-99	0.07803673773761943
2202	100-104	0.11245445834950374
2202	105-109	-0.003864835964215274
2202	110-114	-0.054710096424926746
2202	115-119	0.013636210258283654
2202	120-124	-0.039569558474532585
2202	125-129	0.048805906265016574
2202	130-134	0.044927600790693134
2202	135-139	0.0267801983427276
2202	140-144	0.027340448286224728
2202	145-148	0.03505560545619346
2203	1	0.034072688871326307
2203	2	-0.041156095082271804
2203	3	0.022026103985865575
2203	4	0.04136255646189113
2203	5	0.047838024515392874
2203	6	0.06194959335844885
2203	7	-0.04079061955063423
2203	8	0.002479422356366001
2203	9	0.10120116586599437
2203	10-14	0.1212856939544622
2203	15-19	0.06394867692510786
2203	20-24	0.0759640676168587
2203	25-29	0.0619116280586951
2203	30-34	0.09069156532571299
2203	35-39	0.16299599648657903
2203	40-44	0.13213885328425334
2203	45-49	0.09061495560696642
2203	50-54	0.11770552256353994
2203	55-59	0.10063737398571959
2203	60-64	-0.1294243627716014
2203	65-69	0.0104707497994454
2203	70-74	0.12018994289970664
2203	75-79	0.13719803154067733
2203	80-84	0.007157263041300155
2203	85-89	0.1238855946936468
2203	90-94	0.1387173625593192
2203	95-99	0.13177460467799307
2203	100-104	0.05950923760563853
2203	105-109	0.12280403972661702
2203	110-114	0.14469579716031689
2203	115-119	0.032012312353394634
2203	120-124	0.12988190048492498
2203	125-129	0.15480335491165675
2203	130-134	0.16195155390987992
2203	135-139	0.16278477411264447
2203	140-144	0.06121880090467613
2203	145-148	0.15216382636913295
2204	1	0.07044454203581552
2204	2	0.09868949178850528
2204	3	0.044021775281954945
2204	4	0.05998897260236902
2204	5	0.08413558251210418
2204	6	0.08860982766438497
2204	7	0.101993137669254
2204	8	0.09945587335626982
2204	9	0.14197807449333055
2204	10-14	0.12596925589591024
2204	15-19	0.13551499758232666
2204	20-24	0.05142187970447765
2204	25-29	0.09021344676805398
2204	30-34	0.11879304744758201
2204	35-39	0.14709288542388776
2204	40-44	0.13577888069696797
2204	45-49	0.033348969025198016
2204	50-54	0.08941063693392692
2204	55-59	0.08447409373834347
2204	60-64	-0.1180123983309187
2204	65-69	0.10069163459802155
2204	70-74	0.16268303785951588
2204	75-79	0.16363249961034398
2204	80-84	0.15660239781515628
2204	85-89	-0.020142701843369082
2204	90-94	-0.020338498048651843
2204	95-99	0.015817165179271342
2204	100-104	0.17761530123295444
2204	105-109	0.1742720146775696
2204	110-114	0.05345991155358831
2204	115-119	0.08172284211061509
2204	120-124	0.05171176362834018
2204	125-129	-0.15624154677578161
2204	130-134	0.13100272094904142
2204	135-139	0.17779486501768815
2204	140-144	0.1463279944483844
2204	145-148	0.1400528030651671
2205	1	0.045138216125593544
2205	2	0.07569252409572158
2205	3	0.07693868136765758
2205	4	0.054877516393972314
2205	5	-0.047273219315442816
2205	6	0.035945328228933704
2205	7	0.05296116744955981
2205	8	0.058561318829973175
2205	9	0.10520640028858708
2205	10-14	0.04682351899059256
2205	15-19	0.06544039035613025
2205	20-24	0.05715997177246379
2205	25-29	0.0627821496495855
2205	30-34	0.08843870435136836
2205	35-39	0.056598797865277106
2205	40-44	0.08478394187304872
2205	45-49	0.06814808780714543
2205	50-54	-0.0508906513808256
2205	55-59	-0.10041673372014515
2205	60-64	-0.053098547829662834
2205	65-69	-0.20753125231677672
2205	70-74	0.06156297499562413
2205	75-79	0.08083949951218017
2205	80-84	0.11723145870505647
2205	85-89	0.08194662086735605
2205	90-94	0.053918982552239925
2205	95-99	0.09879118264306186
2205	100-104	0.19684360549103985
2205	105-109	0.04310954995938232
2205	110-114	0.12780140609787338
2205	115-119	0.10532529710830829
2205	120-124	0.0917341028819294
2205	125-129	-0.06264965966455804
2205	130-134	-0.04697164562416134
2205	135-139	0.09589654718779883
2205	140-144	0.16072806135923656
2205	145-148	-0.061331501015587264
2206	1	0.016922618290628577
2206	2	0.037960410775561115
2206	3	0.04513722942967746
2206	4	0.040896985383334084
2206	5	-0.00980513539620631
2206	6	0.015464440382288558
2206	7	0.037788262445644705
2206	8	0.033665687640478836
2206	9	0.06519734512544062
2206	10-14	0.07187230949933365
2206	15-19	0.10131199148368353
2206	20-24	0.055564777728989156
2206	25-29	0.04563021738374573
2206	30-34	0.00375935436193231
2206	35-39	-0.08005094469468332
2206	40-44	0.0030301024390340103
2206	45-49	0.0989009717040048
2206	50-54	0.09634784679267483
2206	55-59	0.0499534982216332
2206	60-64	0.06550368355483727
2206	65-69	-0.06026659065675233
2206	70-74	0.08445256518572108
2206	75-79	-0.02921333743461929
2206	80-84	0.07777497117997711
2206	85-89	0.11452692924667218
2206	90-94	0.11429548738201589
2206	95-99	0.006605214565489348
2206	100-104	0.10039778734390126
2206	105-109	0.07563222283312854
2206	110-114	0.11732296073144255
2206	115-119	-0.008734121599594857
2206	120-124	-0.13835896065616993
2206	125-129	-0.06857462313598006
2206	130-134	-0.01247176559938623
2206	135-139	0.017416959770201856
2206	140-144	0.05744661821098873
2206	145-148	-0.1141810189528627
2207	1	0.07399334855440998
2207	2	0.07413494694299061
2207	3	0.06914459290371866
2207	4	0.0689243707134537
2207	5	0.051801194829252495
2207	6	0.037852791115803086
2207	7	0.03032352532760285
2207	8	0.053018628203489016
2207	9	0.0687386537413559
2207	10-14	0.04481572582375293
2207	15-19	0.05673768350064279
2207	20-24	0.07276896274676403
2207	25-29	0.08018931235527305
2207	30-34	0.0797733065394084
2207	35-39	0.08086812399271537
2207	40-44	0.10768173648519763
2207	45-49	0.10054014106352582
2207	50-54	0.10647826347764777
2207	55-59	0.029523704542981477
2207	60-64	-0.04540307278838185
2207	65-69	0.09508955259298801
2207	70-74	0.10624686679092576
2207	75-79	-0.0047479362759688115
2207	80-84	0.09035998230646669
2207	85-89	0.06024848330586963
2207	90-94	0.04988426982638572
2207	95-99	0.12409910733350671
2207	100-104	0.08127324396744484
2207	105-109	0.11085271884178383
2207	110-114	0.060317942502464916
2207	115-119	0.03550702820295015
2207	120-124	0.10246883539493012
2207	125-129	0.094217571814049
2207	130-134	0.0993010372371188
2207	135-139	0.1431558890274971
2207	140-144	0.15778422598182829
2207	145-148	0.15978275059863023
2208	1	0.02382512528949121
2208	2	0.061130595243255925
2208	3	-0.05681475497455324
2208	4	-0.008579407861262212
2208	5	0.026829615243578075
2208	6	0.025902415730598705
2208	7	0.046889733105864195
2208	8	0.05524533878958948
2208	9	0.07174555846930986
2208	10-14	0.07204264384334635
2208	15-19	0.08071119000963023
2208	20-24	0.07213045746690483
2208	25-29	0.0918890012120741
2208	30-34	0.0877091622747983
2208	35-39	0.0949197516809619
2208	40-44	0.11545250607753132
2208	45-49	0.09052141255217094
2208	50-54	0.10879728225741303
2208	55-59	0.10451408566192555
2208	60-64	0.08254419136403612
2208	65-69	0.12128062922585059
2208	70-74	0.10626580869416813
2208	75-79	0.05449712930185768
2208	80-84	0.04426412848943073
2208	85-89	0.11903718395205232
2208	90-94	0.11186560119163147
2208	95-99	0.033943269761074646
2208	100-104	-0.004860829222934626
2208	105-109	8.508188238920411E-4
2208	110-114	0.02306652232790185
2208	115-119	0.11402057189285841
2208	120-124	0.09853837852450198
2208	125-129	-0.05291714757403554
2208	130-134	0.09960025547775331
2208	135-139	0.05864487578405431
2208	140-144	-0.02369915137671086
2208	145-148	0.07837404188386898
2209	1	0.02532673496099136
2209	2	0.025423357069094266
2209	3	0.03443067849367054
2209	4	-0.0021415746930628643
2209	5	-0.014937989790063
2209	6	1.330477473189262E-4
2209	7	0.016668339630683704
2209	8	0.04135696810118361
2209	9	0.05515347102657131
2209	10-14	0.025515948674524225
2209	15-19	0.05959814737472868
2209	20-24	0.034954550632598114
2209	25-29	0.022609027807675375
2209	30-34	0.03880929351967666
2209	35-39	0.015292250391880202
2209	40-44	0.018905648225441496
2209	45-49	0.053724796922935525
2209	50-54	-0.09578613196807595
2209	55-59	0.01647260033227127
2209	60-64	0.07228733776690888
2209	65-69	0.05427411018283124
2209	70-74	0.06362934414694621
2209	75-79	0.08507578776639946
2209	80-84	0.07819079550553454
2209	85-89	0.09509711189568293
2209	90-94	0.10882407124853444
2209	95-99	0.12039115079652163
2209	100-104	0.14010075196895855
2209	105-109	0.09432312020206268
2209	110-114	0.0814226285236046
2209	115-119	0.044243336828664326
2209	120-124	0.1176389217964271
2209	125-129	0.12552521695582897
2209	130-134	0.11796728431098558
2209	135-139	0.09125386784881329
2209	140-144	0.1452485481987722
2209	145-148	8.411013548794699E-4
2210	1	0.0341867983003894
2210	2	0.03138121031750529
2210	3	0.01282383381260388
2210	4	0.03170635170599212
2210	5	0.023653281084193623
2210	6	0.02108358204657179
2210	7	0.0251679796330464
2210	8	0.027769643342338668
2210	9	0.019755020226142506
2210	10-14	-0.006630838468119293
2210	15-19	0.03203883367825
2210	20-24	0.00881150468634928
2210	25-29	-0.044217210441580335
2210	30-34	-0.01041880543320417
2210	35-39	0.007372820254133217
2210	40-44	0.04418474127166405
2210	45-49	0.040756281518625315
2210	50-54	0.03521598491831668
2210	55-59	0.03870582215657237
2210	60-64	0.030483288602454195
2210	65-69	0.09476090030128148
2210	70-74	0.08257020745472943
2210	75-79	0.07210911956320842
2210	80-84	0.03248336945183894
2210	85-89	0.02811188074353055
2210	90-94	0.05874555363877221
2210	95-99	-0.08032182506841679
2210	100-104	0.12986746363306878
2210	105-109	0.1084131887980746
2210	110-114	0.023413997436740885
2210	115-119	0.08731087191229392
2210	120-124	0.004279683138115331
2210	125-129	0.05462585377408402
2210	130-134	0.133931009856596
2210	135-139	-0.1119052994212737
2210	140-144	0.12357117208562585
2210	145-148	0.16373322442146332
2211	1	0.008812077902135229
2211	2	0.02292462177158683
2211	3	0.009239118608022068
2211	4	0.007574662942381849
2211	5	-0.0068627560533727205
2211	6	0.004637225259699562
2211	7	-0.03276306022205944
2211	8	-0.022398977594527025
2211	9	-0.03883219583831732
2211	10-14	-0.09383668798734135
2211	15-19	-0.062186641623107164
2211	20-24	-0.020118405754402602
2211	25-29	-0.034417825740405306
2211	30-34	-0.053660679545394885
2211	35-39	-0.06699803730685971
2211	40-44	-0.009131886495005404
2211	45-49	-0.004465029844325841
2211	50-54	-0.09930279428349564
2211	55-59	0.001577115074397284
2211	60-64	0.02713248107278332
2211	65-69	0.06645867999902322
2211	70-74	0.03727958581752233
2211	75-79	0.04425605060733062
2211	80-84	0.05219226733041893
2211	85-89	-0.01758212757113853
2211	90-94	-0.026559781090838896
2211	95-99	-0.02846986744133062
2211	100-104	0.09730198974835957
2211	105-109	0.03188819926119635
2211	110-114	-0.06962338463496565
2211	115-119	0.043892686974494666
2211	120-124	0.07347029248929715
2211	125-129	0.045774139636051814
2211	130-134	0.04323076865661335
2211	135-139	-0.0949040398724108
2211	140-144	-0.11462004298615369
2211	145-148	0.10477594655866795
2212	1	0.014607216811114654
2212	2	-0.02742417808450881
2212	3	-0.02439830078213845
2212	4	-0.03315853546070713
2212	5	-0.0419910891231936
2212	6	-0.0367134982015358
2212	7	-0.06222342116632973
2212	8	-0.06609965443886523
2212	9	-0.040991356994901196
2212	10-14	-0.05186315472090541
2212	15-19	-0.24973199089515674
2212	20-24	-0.07727425515913922
2212	25-29	-0.04170383716261483
2212	30-34	-0.03431158523142841
2212	35-39	-0.023296898159593127
2212	40-44	-0.16711932940736318
2212	45-49	-0.06068953456947668
2212	50-54	-0.03828605782946681
2212	55-59	-0.002663144791689831
2212	60-64	0.01595726597547298
2212	65-69	-0.057722193309338365
2212	70-74	0.04380677057439186
2212	75-79	0.04553485162073656
2212	80-84	-0.0056944491647712425
2212	85-89	0.058223904017928874
2212	90-94	0.061607313276056175
2212	95-99	0.0707151287545571
2212	100-104	0.10024159263896593
2212	105-109	0.04069220083590608
2212	110-114	0.04699674697006628
2212	115-119	0.045557324477066174
2212	120-124	0.05204723844176584
2212	125-129	0.0705572512688164
2212	130-134	0.05904080054522609
2212	135-139	0.06447759152626276
2212	140-144	0.01807427983143839
2212	145-148	0.12529268075201827
2213	1	-9.487256969435975E-4
2213	2	-0.03562617398223722
2213	3	-0.018232617678414442
2213	4	-0.04890250689339126
2213	5	-0.0908316245367331
2213	6	-0.05545716448985161
2213	7	-0.07165394526033708
2213	8	-0.045001477580278504
2213	9	-0.06285156616650767
2213	10-14	-0.08079443803111275
2213	15-19	-0.20271083930094846
2213	20-24	-0.09592696562842917
2213	25-29	-0.07834704702205642
2213	30-34	-0.07088875762867985
2213	35-39	-0.03883699384138595
2213	40-44	-0.039443294798964246
2213	45-49	-0.014249683926095713
2213	50-54	0.011205653565198759
2213	55-59	0.006766464721145837
2213	60-64	0.0129633782784353
2213	65-69	0.0301864262302729
2213	70-74	0.013582680074605946
2213	75-79	0.01661678279259604
2213	80-84	0.0021990380679142163
2213	85-89	0.003569482407769442
2213	90-94	0.010490357559035601
2213	95-99	0.007174859864413463
2213	100-104	0.01881658780527573
2213	105-109	-0.014868768396212317
2213	110-114	-0.02331791051816623
2213	115-119	0.011685698051110194
2213	120-124	0.004298317358980341
2213	125-129	0.013644470768937822
2213	130-134	0.0216613209678016
2213	135-139	0.03032513283062599
2213	140-144	0.021147857309209428
2213	145-148	0.0840189088103358
2214	1	-7.175572243269812E-4
2214	2	-0.060591520861997594
2214	3	-0.06381540104856498
2214	4	-0.07324557221289751
2214	5	-0.10315985123478555
2214	6	-0.07675981061320414
2214	7	-0.1116450935570441
2214	8	-0.1045940159432277
2214	9	-0.11111803592248037
2214	10-14	-0.11529231816449936
2214	15-19	-0.22141395018748256
2214	20-24	-0.16099251247885604
2214	25-29	-0.27077494304108995
2214	30-34	-0.1278522724920066
2214	35-39	-0.12775872572396452
2214	40-44	-0.12780914167783664
2214	45-49	-0.08155692388380942
2214	50-54	-0.0670507381871488
2214	55-59	-0.054769349077673724
2214	60-64	-0.06581179172947316
2214	65-69	-0.0703531989126418
2214	70-74	-0.07135210535629
2214	75-79	-0.08490186427704316
2214	80-84	-0.114325712258875
2214	85-89	-0.11969794493104757
2214	90-94	-0.11885331673227739
2214	95-99	-0.10541782508191488
2214	100-104	-0.12513075430485543
2214	105-109	-0.17107580434614533
2214	110-114	-0.16482456061395112
2214	115-119	-0.15530786558202436
2214	120-124	-0.14185157200947884
2214	125-129	-0.12791270100830587
2214	130-134	-0.1118790199232862
2214	135-139	-0.11603033341020108
2214	140-144	-0.10515588832261358
2214	145-148	-0.058227801391268486
2215	1	0.011638661685928753
2215	2	-0.057990028588143616
2215	3	-0.04049144556675799
2215	4	-0.05093370544053499
2215	5	-0.0560311578088033
2215	6	-0.056879479845932224
2215	7	-0.06880807929351107
2215	8	-0.07001993609784307
2215	9	-0.3956876246272216
2215	10-14	-0.13071447451591212
2215	15-19	-0.11759581595192259
2215	20-24	-0.12878859408114351
2215	25-29	-0.11129226387932079
2215	30-34	-0.10333973508543437
2215	35-39	-0.0867981060987546
2215	40-44	-0.10607816809425685
2215	45-49	-0.07717430135738113
2215	50-54	-0.05477375508051807
2215	55-59	-0.07378836263683297
2215	60-64	-0.0868688454504678
2215	65-69	-0.07364468700838245
2215	70-74	-0.09397707609068107
2215	75-79	-0.13910040994758077
2215	80-84	-0.12400724465015855
2215	85-89	-0.12399410285873103
2215	90-94	-0.11260320478280761
2215	95-99	-0.10903804571744047
2215	100-104	-0.12620169182644503
2215	105-109	-0.14323457396534423
2215	110-114	-0.13326413811061855
2215	115-119	-0.10983111573084159
2215	120-124	-0.12236447562138153
2215	125-129	-0.10266607107999448
2215	130-134	-0.12219812940186614
2215	135-139	-0.14108795721119094
2215	140-144	-0.1321354565091042
2215	145-148	-0.06620207880241935
2216	1	0.016429993464370796
2216	2	-0.03759984674857009
2216	3	-0.034487123426458766
2216	4	-0.04559107570170795
2216	5	-0.052711067894179564
2216	6	-0.055813299467153854
2216	7	-0.08247939167115703
2216	8	-0.07506872586741764
2216	9	-0.1354831498401765
2216	10-14	-0.10458927579065147
2216	15-19	-0.1103292578572237
2216	20-24	-0.14231520761252625
2216	25-29	-0.1387640029544599
2216	30-34	-0.12893039271661166
2216	35-39	-0.13626755023736337
2216	40-44	-0.1289430047885105
2216	45-49	-0.09407182841126627
2216	50-54	-0.12200602770791136
2216	55-59	-0.17768685899655168
2216	60-64	-0.19037568581815378
2216	65-69	-0.22058584291998073
2216	70-74	-0.2861892994790338
2216	75-79	-0.31372899637894847
2216	80-84	-0.2956208406612575
2216	85-89	-0.3165126413700108
2216	90-94	-0.3017035259695646
2216	95-99	-0.309212207173708
2216	100-104	-0.3843715501084404
2216	105-109	-0.3495664124018347
2216	110-114	-0.32948512237443595
2216	115-119	-0.32830473702343
2216	120-124	-0.33032021357092844
2216	125-129	-0.36619897799027257
2216	130-134	-0.5015268287353933
2216	135-139	-0.4555634062322156
2216	140-144	-0.4464665676649986
2216	145-148	-0.37050998250317235
>>END_MODULE
>>Per sequence quality scores	pass
#Quality	Count
2	15063.0
3	10836.0
4	7715.0
5	7191.0
6	12237.0
7	28459.0
8	80326.0
9	214559.0
10	544742.0
11	1331092.0
12	2327422.0
13	2836723.0
14	2974653.0
15	3100668.0
16	3289030.0
17	3518128.0
18	3791634.0
19	4115792.0
20	4504447.0
21	5003554.0
22	5627702.0
23	6416574.0
24	7387065.0
25	8591961.0
26	1.0080891E7
27	1.1910112E7
28	1.4197967E7
29	1.707509E7
30	2.0867542E7
31	2.6014921E7
32	3.3455773E7
33	4.4966416E7
34	6.459278E7
35	1.04967734E8
36	2.36668638E8
37	5.44499693E8
38	1.31471389E8
39	713079.0
>>END_MODULE
>>Per base sequence content	pass
#Base	G	A	T	C
1	16.66143047427907	32.28512649485625	30.830921673438006	20.22252135742668
2	18.633938251868027	32.36946686564639	30.120682444772257	18.87591243771333
3	18.4997703785729	31.216662437918735	30.91412952906232	19.369437654446042
4	19.216934159318654	30.480747627338832	30.837768480842044	19.464549732500462
5	19.701983552310566	30.767418089461312	30.796999289758904	18.733599068469218
6	19.867316564038813	30.921734188719242	29.93802283026019	19.272926416981754
7	19.890356682973817	30.765414191405178	30.43107412698675	18.91315499863426
8	19.363508158838865	30.782285330883337	30.590638815959505	19.263567694318294
9	19.302531931931103	30.42496587942826	30.933171048920165	19.33933113972047
10-14	19.356469782288528	30.654225117186552	30.580005727570892	19.40929937295403
15-19	19.398745266729556	30.522327995408034	30.62313855366422	19.455788184198195
20-24	19.583280114232508	30.30358882113963	30.473036713207076	19.640094351420785
25-29	19.763409887985386	30.222395771678745	30.277943694968673	19.7362506453672
30-34	19.93132747394925	30.12102748295451	30.14654417308765	19.801100870008593
35-39	19.988379935724307	30.06489724958804	30.077229362761937	19.869493451925717
40-44	20.042223656200246	30.026014046850857	30.012069816906013	19.91969248004289
45-49	20.047662445433193	29.979884932002165	29.987756872844617	19.984695749720025
50-54	20.0636154247526	29.969187996066598	29.956695812226275	20.010500766954525
55-59	20.118061131689448	29.95643065150111	29.925811572133405	19.999696644676042
60-64	20.10392031547864	29.944337566282965	29.89411500619916	20.057627112039235
65-69	20.116768723867327	29.938870072140332	29.87541223440473	20.06894896958761
70-74	20.158684177136113	29.92239393025318	29.840801524891912	20.078120367718796
75-79	20.142530798051567	29.91177563545799	29.857767558515093	20.08792600797536
80-84	20.177923287438354	29.915919419928223	29.834357020560848	20.071800272072576
85-89	20.13061264725337	29.918973712694978	29.835438432152582	20.11497520789907
90-94	20.12665384451544	29.870482697370665	29.84113428050189	20.161729177612003
95-99	20.14018546249177	29.8957943827764	29.811283940206025	20.1527362145258
100-104	20.165041963078636	29.87487634443126	29.801720723568287	20.15836096892181
105-109	20.132341485344813	29.912505441928545	29.80913416880664	20.146018903919995
110-114	20.123581667730992	29.939333342741296	29.792749911192693	20.144335078335015
115-119	20.13758275663394	29.92508855617888	29.794294906617857	20.143033780569322
120-124	20.131768651124634	29.933799288718042	29.77149791763269	20.162934142524634
125-129	20.090125603625395	29.951850028448078	29.770220531638746	20.18780383628778
130-134	20.101589472183896	29.953772492895837	29.742720199416546	20.20191783550373
135-139	20.075453905687816	29.958179297574894	29.761547910943666	20.204818885793625
140-144	20.094406695086363	29.96896766221942	29.771808959708835	20.16481668298538
145-148	20.12843908689667	30.00041440281564	29.732489339652147	20.13865717063555
>>END_MODULE
>>Per sequence GC content	warn
#GC Content	Count
0	69093.0
1	60531.5
2	56519.5
3	69093.5
4	82381.0
5	91908.0
6	117023.0
7	162212.5
8	221552.5
9	269825.0
10	315766.5
11	405380.0
12	542657.0
13	684086.0
14	815089.5
15	1010933.5
16	1298247.0
17	1737275.0
18	2454192.0
19	3526608.5
20	5006441.0
21	6899290.0
22	9183086.5
23	1.18382145E7
24	1.48637835E7
25	1.82802455E7
26	2.19719625E7
27	2.5788071E7
28	2.96794995E7
29	3.35104685E7
30	3.7137558E7
31	4.05208925E7
32	4.3713919E7
33	4.6691533E7
34	4.93732755E7
35	5.18100605E7
36	5.3975495E7
37	5.5477712E7
38	5.59074835E7
39	5.5234592E7
40	5.35137395E7
41	5.0760687E7
42	4.72064455E7
43	4.33134755E7
44	3.96060465E7
45	3.6516628E7
46	3.40411495E7
47	3.2120787E7
48	3.0548755E7
49	2.89382575E7
50	2.7174826E7
51	2.52132825E7
52	2.3130523E7
53	2.11501785E7
54	1.9393438E7
55	1.7837526E7
56	1.6414427E7
57	1.4987381E7
58	1.34511005E7
59	1.17854595E7
60	1.0060737E7
61	8403704.5
62	6938121.5
63	5715657.5
64	4714906.0
65	3894667.0
66	3214066.5
67	2642095.5
68	2164918.0
69	1770362.5
70	1445974.5
71	1184606.5
72	979017.0
73	820904.5
74	701208.5
75	611938.0
76	539016.5
77	485974.0
78	443375.0
79	394547.0
80	347748.0
81	305825.0
82	270373.5
83	234763.5
84	202183.0
85	172240.0
86	141747.0
87	116528.5
88	92106.5
89	71042.0
90	54095.0
91	41755.0
92	32201.5
93	24210.5
94	18188.0
95	13681.0
96	10329.5
97	7079.0
98	4949.5
99	3409.0
100	3608.0
>>END_MODULE
>>Per base N content	pass
#Base	N-Count
1	0.04883494796013402
2	0.013601517056561728
3	0.01740992977712193
4	0.029497756105316342
5	0.034254994477560446
6	0.006800984564726115
7	0.006802566819842875
8	0.008928590278396415
9	0.005998630529565161
10-14	0.005003226301063104
15-19	0.0032202357518231885
20-24	0.0033274222341614338
25-29	0.003326472881091378
30-34	0.0046985442419604775
35-39	0.0056349077509628516
40-44	0.00505354201377608
45-49	0.006069801871626672
50-54	0.006943447801619939
55-59	0.0077321492354877055
60-64	0.007270130741393709
65-69	0.008532031938847245
70-74	0.008255016740643398
75-79	0.008758535526085564
80-84	0.006905142158697991
85-89	0.009038956340064533
90-94	0.005992120679941919
95-99	0.007948737357327661
100-104	0.008191801881454738
105-109	0.009023239272571381
110-114	0.010939742015473163
115-119	0.010032145411403126
120-124	0.00984194327727219
125-129	0.010108485453512719
130-134	0.011017031410652814
135-139	0.012380558593891408
140-144	0.010889124920833184
145-148	0.025188634985783265
>>END_MODULE
>>Sequence Length Distribution	pass
#Length	Count
148	1.327219598E9
>>END_MODULE
>>Sequence Duplication Levels	warn
#Total Deduplicated Percentage	68.10910997423485
#Duplication Level	Percentage of deduplicated	Percentage of total
1	74.75053742321657	50.911925739910146
2	15.282814238368871	20.817977513537354
3	5.5451752555975755	11.330308539297034
4	2.325802101644193	6.336332444767636
5	1.0737991995805287	3.65677538872378
6	0.4977220656805707	2.03396441448248
7	0.22716252626871655	1.083028623856272
8	0.11709976975924113	0.6380448877191788
9	0.05808338440603172	0.3560406854567555
>10	0.09733394825333133	1.0326007807557418
>50	0.013886828742607006	0.7454402096157206
>100	0.010452283579956824	0.9449372674691301
>500	7.229569598766683E-5	0.035126500899791545
>1k	5.611021136292622E-5	0.06717273221937506
>5k	2.5689944062281044E-6	0.010324271289732737
>10k+	0.0	0.0
>>END_MODULE
>>Overrepresented sequences	pass
>>END_MODULE
>>Adapter Content	pass
#Position	Illumina Universal Adapter	Illumina Small RNA 3' Adapter	Illumina Small RNA 5' Adapter	Nextera Transposase Sequence	SOLID Small RNA Adapter
1	8.642126756781058E-5	6.027638540039099E-7	0.0	1.0548367445068424E-5	3.0138192700195497E-7
2	9.131872388159235E-5	2.260364452514662E-6	0.0	2.267899000689711E-5	5.274183722534212E-7
3	1.0246985518066468E-4	3.541237642272971E-6	0.0	3.405615775122091E-5	1.0548367445068424E-6
4	1.1595669641400216E-4	4.6714198685303014E-6	0.0	4.678954416705351E-5	1.2808731897583085E-6
5	1.2959422861084062E-4	6.55505691229252E-6	0.0	5.786532998437535E-5	1.6576005985107523E-6
6	1.3893706834790123E-4	8.212657510803272E-6	7.534548175048874E-8	7.105078929071088E-5	1.8836370437622186E-6
7	1.6041053064679052E-4	9.116803291809137E-6	1.5069096350097749E-7	8.416090311529592E-5	2.1850189707641735E-6
8	1.8173330198217885E-4	1.0473021963317935E-5	1.5069096350097749E-7	9.455857959686337E-5	2.4864008977661284E-6
9	2.0192589109130983E-4	1.1603204189575266E-5	1.5069096350097749E-7	1.0646316571344058E-4	2.7877828247680833E-6
10-11	2.3417375728051898E-4	1.3901241382965172E-5	1.5069096350097749E-7	1.2288848073504713E-4	3.7296013466491926E-6
12-13	2.9693654357867613E-4	1.6312296798980814E-5	2.637091861267106E-7	1.4568048896456998E-4	4.596074386779813E-6
14-15	3.7868639127795636E-4	1.9363788809875604E-5	6.027638540039099E-7	1.686985336393443E-4	5.613238390411411E-6
16-17	4.6947769678729533E-4	2.2226917116394177E-5	6.027638540039099E-7	1.9201796024112056E-4	6.705747875793498E-6
18-19	5.91047631591709E-4	2.4939354459411773E-5	6.781093357543987E-7	2.1349142254000982E-4	7.647566397674606E-6
20-21	7.433208502094467E-4	2.765179180242937E-5	6.781093357543987E-7	2.3609506706515646E-4	8.250330251678517E-6
22-23	9.018854165533502E-4	3.059026559069843E-5	8.288002992553761E-7	2.580959477362992E-4	9.041457810058648E-6
24-25	0.0010870846106960516	3.371710308334371E-5	1.0548367445068424E-6	2.8005915566656664E-4	1.0096294554565492E-5
26-27	0.0012820787174663163	3.6165831240234593E-5	1.2432004488830642E-6	3.035292732318439E-4	1.0962767594696112E-5
28-29	0.0014899945743567901	3.872757761975121E-5	1.2808731897583085E-6	3.225163346329671E-4	1.1904586116577222E-5
30-31	0.001678358278733012	4.113863303576686E-5	1.2808731897583085E-6	3.440274696727316E-4	1.2695713674957354E-5
32-33	0.0018728626398718986	4.3625033933532975E-5	1.431564153259286E-6	3.631652220373557E-4	1.3223132047210774E-5
34-35	0.0020847718072951483	4.61867803130496E-5	1.5069096350097748E-6	3.8441264789099356E-4	1.397658686471566E-5
36-37	0.0023048182867474506	4.961499973269683E-5	1.6199278576355077E-6	4.035504002556177E-4	1.4767714423095792E-5
38-39	0.002520909128407852	5.281718270709261E-5	1.921309784637463E-6	4.243080804778773E-4	1.5709532944976902E-5
40-41	0.0027344382236887373	5.594402019973789E-5	2.2226917116394176E-6	4.466856885577725E-4	1.665135146685801E-5
42-43	0.0029397546614588193	5.8430421097504015E-5	2.260364452514662E-6	4.68347514561038E-4	1.7517824506988632E-5
44-45	0.0031669212889365427	6.0992167477020636E-5	2.335709934265151E-6	4.894819221920501E-4	1.8233606583618275E-5
46-47	0.0034025642831111962	6.39306412652897E-5	2.561746379516617E-6	5.10126584191684E-4	1.872335221499645E-5
48-49	0.00362434370864376	6.645471490393107E-5	2.67476460214235E-6	5.30319173300815E-4	1.9778188959503294E-5
50-51	0.0038738502714605032	6.939318869220013E-5	2.7877828247680833E-6	5.509638353004488E-4	2.0983716667511115E-5
52-53	0.004137107384696711	7.263304440747114E-5	2.9008010473938164E-6	5.740195527160984E-4	2.2000880671142714E-5
54-55	0.004428845090034604	7.553384545486497E-5	2.938473788269061E-6	5.963218153142431E-4	2.2641317266021867E-5
56-57	0.004746313277390288	7.86983556883855E-5	2.9761465291443055E-6	6.183603687262611E-4	2.3696154010528707E-5
58-59	0.005104392679409485	8.205122962628224E-5	3.0514920108947937E-6	6.399091765069008E-4	2.4562627050659328E-5
60-61	0.005504891587654208	8.446228504229788E-5	3.164510233520527E-6	6.628895484407999E-4	2.5843500240417635E-5
62-63	0.005958584406014776	8.747610431231742E-5	3.2021829743957714E-6	6.851918110389446E-4	2.6747646021423503E-5
64-65	0.006464303279524056	9.037690535971125E-5	3.239855715271016E-6	7.097921108304792E-4	2.7538773579803635E-5
66-67	0.007040131123802166	9.29763244801031E-5	3.3905466787719936E-6	7.323957553556258E-4	2.8593610324310475E-5
68-69	0.007698386925115312	9.557574360049496E-5	3.541237642272971E-6	7.532287810596359E-4	2.9309392400940117E-5
70-71	0.008454252798036216	9.836352642526305E-5	3.5789103831482153E-6	7.739487885410202E-4	2.9949828995819274E-5
72-73	0.009311646707615901	1.010382910274054E-4	3.6542558648987035E-6	7.956482872851611E-4	3.0288883663696475E-5
74-75	0.010219409071745789	1.0393909207479922E-4	3.767274087524437E-6	8.14597675945409E-4	3.089164751770038E-5
76-77	0.011213931758111365	1.067268748995673E-4	3.767274087524437E-6	8.359581200216725E-4	3.160742959433002E-5
78-79	0.012351008095948867	1.0887422112945623E-4	3.804946828399681E-6	8.581850371380667E-4	3.292597552496358E-5
80-81	0.013680177739509237	1.1109691284109564E-4	3.917965051025414E-6	8.785283172106986E-4	3.398081226947042E-5
82-83	0.015246233577693146	1.1294287714398263E-4	4.106328755401636E-6	9.011696344767206E-4	3.5035649013977265E-5
84-85	0.016867291617554913	1.1527858707824777E-4	4.144001496276881E-6	9.234342243339901E-4	3.631652220373557E-5
86-87	0.018644051095454063	1.173505878263862E-4	4.294692459777859E-6	9.444556137423763E-4	3.722066798474144E-5
88-89	0.020620815154659883	1.2017604339202955E-4	4.445383423278836E-6	9.658160578186398E-4	3.804946828399681E-5
90-91	0.02290412230636757	1.2330288088467482E-4	4.445383423278836E-6	9.880053021941587E-4	3.9707068882507565E-5
92-93	0.02560020967984531	1.2571393630069047E-4	4.558401645904569E-6	0.0010086499641937929	4.0724232886139164E-5
94-95	0.02856912304274157	1.2782360978970414E-4	4.633747127655058E-6	0.0010295206626386782	4.1326996740143076E-5
96-97	0.031754767683893105	1.3012164698309405E-4	4.897456313781768E-6	0.0010503536883426884	4.177906963064601E-5
98-99	0.035393125652142456	1.3294710254873736E-4	4.972801795532257E-6	0.0010719024961233282	4.31352883021548E-5
100-101	0.03965741621003399	1.3584790359613122E-4	5.08582001815799E-6	0.0010952219227251044	4.403943408316067E-5
102-103	0.04458011326020217	1.3837197723477258E-4	5.274183722534212E-6	0.0011180516036955023	4.498125260504178E-5
104-105	0.050002840600007474	1.4074535990991297E-4	5.311856463409456E-6	0.001139901793403144	4.562168919992093E-5
106-107	0.05597818937571174	1.430810698441781E-4	5.537892908660922E-6	0.0011614129284429086	4.65258349809268E-5
108-109	0.06279944187502873	1.4575583444632046E-4	5.613238390411411E-6	0.0011853351188986889	4.769368994805937E-5
110-111	0.07057826010191269	1.4779016245358365E-4	5.763929353912388E-6	0.0012082024726099623	4.867318121081572E-5
112-113	0.07925037436043045	1.5065329076010224E-4	5.839274835662877E-6	0.0012327274269197464	4.9275945064819633E-5
114-115	0.08868020045617198	1.5351641906662079E-4	5.876947576538122E-6	0.001256122199003273	4.9954054400574035E-5
116-117	0.09885952573162651	1.565679110775156E-4	5.989965799163855E-6	0.0012809862079809341	5.1046563885956116E-5
118-119	0.11010627044704022	1.5920500293878273E-4	6.027638540039099E-6	0.0013041549436192095	5.198838240783723E-5
120-121	0.12262141867498252	1.609002762781687E-4	6.1783295035400764E-6	0.0013266455699217305	5.2741837225342116E-5
122-123	0.13639672008520176	1.6376340458468727E-4	6.366693207916298E-6	0.0013498143055600056	5.353296478372225E-5
124-125	0.15131339252571827	1.6647584192770487E-4	6.404365948791543E-6	0.0013734351140887839	5.4587801528229094E-5
126-127	0.16724300962288835	1.6967802490210066E-4	6.479711430542032E-6	0.001396264795059182	5.511521990048251E-5
128-129	0.18448981643202045	1.720137348363658E-4	6.479711430542032E-6	0.001417549893653695	5.5680311013611175E-5
130-131	0.20311250708339829	1.7472617217938337E-4	6.630402394043009E-6	0.0014398521562518397	5.598169294061313E-5
132-133	0.22311108157702175	1.772125730771495E-4	6.818766098419231E-6	0.0014628702009266141	5.6584456794617044E-5
134-135	0.24442861640142838	1.7951061027053942E-4	6.856438839294475E-6	0.0014860766093057645	5.771463902087437E-5
136	0.2611006502030269	1.8158261101867786E-4	6.856438839294475E-6	0.0015034437428492523	5.869413028363073E-5
>>END_MODULE
>>Kmer Content	pass
>>END_MODULE
